Temperature control application started
Kp: 20.000000, Ki: 0.166667, Kd: 1.000000
30.00, 30.00, 0.00, 8.880, 0.0000, 8.8800, 0.0000 
30.00, 30.00, 0.00, 8.880, 0.0000, 8.8800, 0.0000 
30.00, 30.00, 0.00, 8.880, 0.0000, 8.8800, 0.0000 
30.00, 30.00, 0.00, 8.880, 0.0000, 8.8800, 0.0000 
30.00, 30.00, 0.00, 8.880, 0.0000, 8.8800, 0.0000 
30.00, 30.00, 0.00, 8.880, 0.0000, 8.8800, 0.0000 
30.00, 30.00, 0.00, 8.880, 0.0000, 8.8800, 0.0000 
30.00, 30.00, 0.00, 8.880, 0.0000, 8.8800, 0.0000 
30.00, 30.00, 0.00, 8.880, 0.0000, 8.8800, 0.0000 
30.00, 30.00, 0.00, 8.880, 0.0000, 8.8800, 0.0000 
30.00, 30.00, 0.00, 8.880, 0.0000, 8.8800, 0.0000 
30.00, 30.00, 0.00, 8.880, 0.0000, 8.8800, 0.0000 
30.00, 30.00, 0.00, 8.880, 0.0000, 8.8800, 0.0000 
30.00, 30.00, 0.00, 8.880, 0.0000, 8.8800, 0.0000 
30.00, 30.00, 0.00, 8.880, 0.0000, 8.8800, 0.0000 
30.00, 30.00, 0.00, 8.880, 0.0000, 8.8800, 0.0000 
30.00, 30.00, 0.00, 8.880, 0.0000, 8.8800, 0.0000 
30.00, 30.00, 0.00, 8.880, 0.0000, 8.8800, 0.0000 
30.00, 29.50, 0.50, 20.409, 10.0000, 8.9078, 1.5015 
30.00, 30.00, 0.00, 7.406, 0.0000, 8.9078, -1.5015 
30.00, 30.00, 0.00, 8.908, 0.0000, 8.9078, 0.0000 
30.00, 30.00, 0.00, 8.908, 0.0000, 8.9078, 0.0000 
30.00, 30.00, 0.00, 8.908, 0.0000, 8.9078, 0.0000 
30.00, 30.00, 0.00, 8.908, 0.0000, 8.9078, 0.0000 
30.00, 30.00, 0.00, 8.908, 0.0000, 8.9078, 0.0000 
30.00, 30.00, 0.00, 8.908, 0.0000, 8.9078, 0.0000 
30.00, 30.00, 0.00, 8.908, 0.0000, 8.9078, 0.0000 
30.00, 30.00, 0.00, 8.908, 0.0000, 8.9078, 0.0000 
30.00, 30.00, 0.00, 8.908, 0.0000, 8.9078, 0.0000 
30.00, 29.50, 0.50, 20.437, 10.0000, 8.9355, 1.5015 
30.00, 30.00, 0.00, 7.434, 0.0000, 8.9355, -1.5015 
30.00, 30.00, 0.00, 8.936, 0.0000, 8.9355, 0.0000 
30.00, 30.00, 0.00, 8.936, 0.0000, 8.9355, 0.0000 
30.00, 29.50, 0.50, 20.465, 10.0000, 8.9633, 1.5015 
30.00, 30.00, 0.00, 7.462, 0.0000, 8.9633, -1.5015 
30.00, 29.50, 0.50, 20.493, 10.0000, 8.9910, 1.5015 
30.00, 29.50, 0.50, 19.019, 10.0000, 9.0188, 0.0000 
30.00, 29.50, 0.50, 19.047, 10.0000, 9.0465, 0.0000 
30.00, 29.50, 0.50, 19.074, 10.0000, 9.0743, 0.0000 
30.00, 30.00, 0.00, 7.573, 0.0000, 9.0743, -1.5015 
30.00, 30.00, 0.00, 9.074, 0.0000, 9.0743, 0.0000 
50.00, 30.00, 20.00, 100.000, 400.0000, 10.1843, 60.0601 
50.00, 30.00, 20.00, 100.000, 400.0000, 11.2943, 0.0000 
50.00, 30.00, 20.00, 100.000, 400.0000, 12.4043, 0.0000 
50.00, 30.00, 20.00, 100.000, 400.0000, 13.5143, 0.0000 
50.00, 30.00, 20.00, 100.000, 400.0000, 14.6243, 0.0000 
50.00, 30.00, 20.00, 100.000, 400.0000, 15.7343, 0.0000 
50.00, 30.50, 19.50, 100.000, 390.0000, 16.8165, -1.5015 
50.00, 30.50, 19.50, 100.000, 390.0000, 17.8988, 0.0000 
50.00, 31.00, 19.00, 100.000, 380.0000, 18.9533, -1.5015 
50.00, 31.00, 19.00, 100.000, 380.0000, 20.0078, 0.0000 
50.00, 31.00, 19.00, 100.000, 380.0000, 21.0623, 0.0000 
50.00, 31.50, 18.50, 100.000, 370.0000, 22.0890, -1.5015 
50.00, 31.50, 18.50, 100.000, 370.0000, 23.1158, 0.0000 
50.00, 32.00, 18.00, 100.000, 360.0000, 24.1148, -1.5015 
50.00, 32.00, 18.00, 100.000, 360.0000, 25.1138, 0.0000 
50.00, 32.50, 17.50, 100.000, 350.0000, 26.0850, -1.5015 
50.00, 32.50, 17.50, 100.000, 350.0000, 27.0563, 0.0000 
50.00, 33.00, 17.00, 100.000, 340.0000, 27.9998, -1.5015 
50.00, 33.00, 17.00, 100.000, 340.0000, 28.9433, 0.0000 
50.00, 33.00, 17.00, 100.000, 340.0000, 29.8868, 0.0000 
50.00, 33.50, 16.50, 100.000, 330.0000, 30.8025, -1.5015 
50.00, 33.50, 16.50, 100.000, 330.0000, 31.7183, 0.0000 
50.00, 34.00, 16.00, 100.000, 320.0000, 32.6063, -1.5015 
50.00, 34.00, 16.00, 100.000, 320.0000, 33.4943, 0.0000 
50.00, 34.50, 15.50, 100.000, 310.0000, 34.3545, -1.5015 
50.00, 34.50, 15.50, 100.000, 310.0000, 35.2148, 0.0000 
50.00, 35.00, 15.00, 100.000, 300.0000, 36.0473, -1.5015 
50.00, 35.00, 15.00, 100.000, 300.0000, 36.8798, 0.0000 
50.00, 35.50, 14.50, 100.000, 290.0000, 37.6845, -1.5015 
50.00, 35.50, 14.50, 100.000, 290.0000, 38.4893, 0.0000 
50.00, 35.50, 14.50, 100.000, 290.0000, 39.2940, 0.0000 
50.00, 36.00, 14.00, 100.000, 280.0000, 40.0710, -1.5015 
50.00, 36.00, 14.00, 100.000, 280.0000, 40.8480, 0.0000 
50.00, 36.50, 13.50, 100.000, 270.0000, 41.5973, -1.5015 
50.00, 36.50, 13.50, 100.000, 270.0000, 42.3465, 0.0000 
50.00, 36.50, 13.50, 100.000, 270.0000, 43.0958, 0.0000 
50.00, 37.00, 13.00, 100.000, 260.0000, 43.8173, -1.5015 
50.00, 37.00, 13.00, 100.000, 260.0000, 44.5388, 0.0000 
50.00, 37.50, 12.50, 100.000, 250.0000, 45.2325, -1.5015 
50.00, 37.50, 12.50, 100.000, 250.0000, 45.9263, 0.0000 
50.00, 37.50, 12.50, 100.000, 250.0000, 46.6200, 0.0000 
50.00, 38.00, 12.00, 100.000, 240.0000, 47.2860, -1.5015 
50.00, 38.00, 12.00, 100.000, 240.0000, 47.9520, 0.0000 
50.00, 38.50, 11.50, 100.000, 230.0000, 48.5903, -1.5015 
50.00, 38.50, 11.50, 100.000, 230.0000, 49.2285, 0.0000 
50.00, 38.50, 11.50, 100.000, 230.0000, 49.8668, 0.0000 
50.00, 39.00, 11.00, 100.000, 220.0000, 50.4773, -1.5015 
50.00, 39.00, 11.00, 100.000, 220.0000, 51.0878, 0.0000 
50.00, 39.00, 11.00, 100.000, 220.0000, 51.6983, 0.0000 
50.00, 39.50, 10.50, 100.000, 210.0000, 52.2810, -1.5015 
50.00, 39.50, 10.50, 100.000, 210.0000, 52.8638, 0.0000 
50.00, 39.50, 10.50, 100.000, 210.0000, 53.4465, 0.0000 
50.00, 40.00, 10.00, 100.000, 200.0000, 54.0015, -1.5015 
50.00, 40.00, 10.00, 100.000, 200.0000, 54.5565, 0.0000 
50.00, 40.50, 9.50, 100.000, 190.0000, 55.0838, -1.5015 
50.00, 40.50, 9.50, 100.000, 190.0000, 55.6110, 0.0000 
50.00, 40.50, 9.50, 100.000, 190.0000, 56.1383, 0.0000 
50.00, 41.00, 9.00, 100.000, 180.0000, 56.6378, -1.5015 
50.00, 41.00, 9.00, 100.000, 180.0000, 57.1373, 0.0000 
50.00, 41.00, 9.00, 100.000, 180.0000, 57.6368, 0.0000 
50.00, 41.50, 8.50, 100.000, 170.0000, 58.1085, -1.5015 
50.00, 41.50, 8.50, 100.000, 170.0000, 58.5803, 0.0000 
50.00, 41.50, 8.50, 100.000, 170.0000, 59.0520, 0.0000 
50.00, 42.00, 8.00, 100.000, 160.0000, 59.4960, -1.5015 
50.00, 42.00, 8.00, 100.000, 160.0000, 59.9400, 0.0000 
50.00, 42.00, 8.00, 100.000, 160.0000, 60.3840, 0.0000 
50.00, 42.50, 7.50, 100.000, 150.0000, 60.8003, -1.5015 
50.00, 42.50, 7.50, 100.000, 150.0000, 61.2165, 0.0000 
50.00, 42.50, 7.50, 100.000, 150.0000, 61.6328, 0.0000 
50.00, 43.00, 7.00, 100.000, 140.0000, 62.0213, -1.5015 
50.00, 43.00, 7.00, 100.000, 140.0000, 62.4098, 0.0000 
50.00, 43.00, 7.00, 100.000, 140.0000, 62.7983, 0.0000 
50.00, 43.50, 6.50, 100.000, 130.0000, 63.1590, -1.5015 
50.00, 43.50, 6.50, 100.000, 130.0000, 63.5198, 0.0000 
50.00, 43.50, 6.50, 100.000, 130.0000, 63.8805, 0.0000 
50.00, 43.50, 6.50, 100.000, 130.0000, 64.2413, 0.0000 
50.00, 44.00, 6.00, 100.000, 120.0000, 64.5743, -1.5015 
50.00, 44.00, 6.00, 100.000, 120.0000, 64.9073, 0.0000 
50.00, 44.00, 6.00, 100.000, 120.0000, 65.2403, 0.0000 
50.00, 44.50, 5.50, 100.000, 110.0000, 65.5455, -1.5015 
50.00, 44.50, 5.50, 100.000, 110.0000, 65.8508, 0.0000 
50.00, 44.50, 5.50, 100.000, 110.0000, 66.1560, 0.0000 
50.00, 44.50, 5.50, 100.000, 110.0000, 66.4613, 0.0000 
50.00, 45.00, 5.00, 100.000, 100.0000, 66.7388, -1.5015 
50.00, 45.00, 5.00, 100.000, 100.0000, 67.0163, 0.0000 
50.00, 45.00, 5.00, 100.000, 100.0000, 67.2938, 0.0000 
50.00, 45.00, 5.00, 100.000, 100.0000, 67.5713, 0.0000 
50.00, 45.50, 4.50, 100.000, 90.0000, 67.8210, -1.5015 
50.00, 45.50, 4.50, 100.000, 90.0000, 68.0708, 0.0000 
50.00, 45.50, 4.50, 100.000, 90.0000, 68.3205, 0.0000 
50.00, 46.00, 4.00, 100.000, 80.0000, 68.5425, -1.5015 
50.00, 46.00, 4.00, 100.000, 80.0000, 68.7645, 0.0000 
50.00, 46.00, 4.00, 100.000, 80.0000, 68.9865, 0.0000 
50.00, 46.00, 4.00, 100.000, 80.0000, 69.2085, 0.0000 
50.00, 46.50, 3.50, 100.000, 70.0000, 69.4028, -1.5015 
50.00, 46.50, 3.50, 100.000, 70.0000, 69.5970, 0.0000 
50.00, 46.50, 3.50, 100.000, 70.0000, 69.7913, 0.0000 
50.00, 46.50, 3.50, 100.000, 70.0000, 69.9855, 0.0000 
50.00, 47.00, 3.00, 100.000, 60.0000, 70.1520, -1.5015 
50.00, 47.00, 3.00, 100.000, 60.0000, 70.3185, 0.0000 
50.00, 47.00, 3.00, 100.000, 60.0000, 70.4850, 0.0000 
50.00, 47.00, 3.00, 100.000, 60.0000, 70.6515, 0.0000 
50.00, 47.50, 2.50, 100.000, 50.0000, 70.7903, -1.5015 
50.00, 47.50, 2.50, 100.000, 50.0000, 70.9290, 0.0000 
50.00, 47.50, 2.50, 100.000, 50.0000, 71.0678, 0.0000 
50.00, 47.50, 2.50, 100.000, 50.0000, 71.2065, 0.0000 
50.00, 48.00, 2.00, 100.000, 40.0000, 71.3175, -1.5015 
50.00, 48.00, 2.00, 100.000, 40.0000, 71.4285, 0.0000 
50.00, 48.00, 2.00, 100.000, 40.0000, 71.5395, 0.0000 
50.00, 48.00, 2.00, 100.000, 40.0000, 71.6505, 0.0000 
50.00, 48.50, 1.50, 100.000, 30.0000, 71.7337, -1.5015 
50.00, 48.50, 1.50, 100.000, 30.0000, 71.8170, 0.0000 
50.00, 48.50, 1.50, 100.000, 30.0000, 71.9003, 0.0000 
50.00, 48.50, 1.50, 100.000, 30.0000, 71.9835, 0.0000 
50.00, 48.50, 1.50, 100.000, 30.0000, 72.0668, 0.0000 
50.00, 49.00, 1.00, 90.621, 20.0000, 72.1223, -1.5015 
50.00, 49.00, 1.00, 92.178, 20.0000, 72.1778, 0.0000 
50.00, 49.00, 1.00, 92.233, 20.0000, 72.2333, 0.0000 
50.00, 49.00, 1.00, 92.289, 20.0000, 72.2888, 0.0000 
50.00, 49.00, 1.00, 92.344, 20.0000, 72.3443, 0.0000 
50.00, 49.50, 0.50, 80.871, 10.0000, 72.3720, -1.5015 
50.00, 49.50, 0.50, 82.400, 10.0000, 72.3998, 0.0000 
50.00, 49.50, 0.50, 82.428, 10.0000, 72.4275, 0.0000 
50.00, 49.50, 0.50, 82.455, 10.0000, 72.4553, 0.0000 
50.00, 49.50, 0.50, 82.483, 10.0000, 72.4830, 0.0000 
50.00, 49.50, 0.50, 82.511, 10.0000, 72.5108, 0.0000 
50.00, 49.50, 0.50, 82.539, 10.0000, 72.5385, 0.0000 
50.00, 50.00, 0.00, 71.037, 0.0000, 72.5385, -1.5015 
50.00, 50.00, 0.00, 72.539, 0.0000, 72.5385, 0.0000 
50.00, 50.00, 0.00, 72.539, 0.0000, 72.5385, 0.0000 
50.00, 50.00, 0.00, 72.539, 0.0000, 72.5385, 0.0000 
50.00, 50.00, 0.00, 72.539, 0.0000, 72.5385, 0.0000 
50.00, 50.00, 0.00, 72.539, 0.0000, 72.5385, 0.0000 
50.00, 50.00, 0.00, 72.539, 0.0000, 72.5385, 0.0000 
50.00, 50.00, 0.00, 72.539, 0.0000, 72.5385, 0.0000 
50.00, 50.00, 0.00, 72.539, 0.0000, 72.5385, 0.0000 
50.00, 50.00, 0.00, 72.539, 0.0000, 72.5385, 0.0000 
50.00, 50.00, 0.00, 72.539, 0.0000, 72.5385, 0.0000 
50.00, 50.00, 0.00, 72.539, 0.0000, 72.5385, 0.0000 
50.00, 50.00, 0.00, 72.539, 0.0000, 72.5385, 0.0000 
50.00, 50.00, 0.00, 72.539, 0.0000, 72.5385, 0.0000 
50.00, 50.00, 0.00, 72.539, 0.0000, 72.5385, 0.0000 
50.00, 50.00, 0.00, 72.539, 0.0000, 72.5385, 0.0000 
50.00, 50.00, 0.00, 72.539, 0.0000, 72.5385, 0.0000 
50.00, 50.00, 0.00, 72.539, 0.0000, 72.5385, 0.0000 
50.00, 50.00, 0.00, 72.539, 0.0000, 72.5385, 0.0000 
50.00, 50.00, 0.00, 72.539, 0.0000, 72.5385, 0.0000 
50.00, 50.00, 0.00, 72.539, 0.0000, 72.5385, 0.0000 
50.00, 50.50, -0.50, 61.009, -10.0000, 72.5108, -1.5015 
50.00, 50.50, -0.50, 62.483, -10.0000, 72.4830, 0.0000 
50.00, 50.50, -0.50, 62.455, -10.0000, 72.4553, 0.0000 
50.00, 50.50, -0.50, 62.428, -10.0000, 72.4275, 0.0000 
50.00, 50.50, -0.50, 62.400, -10.0000, 72.3998, 0.0000 
50.00, 50.50, -0.50, 62.372, -10.0000, 72.3720, 0.0000 
50.00, 50.50, -0.50, 62.344, -10.0000, 72.3443, 0.0000 
50.00, 50.50, -0.50, 62.317, -10.0000, 72.3165, 0.0000 
50.00, 50.50, -0.50, 62.289, -10.0000, 72.2888, 0.0000 
50.00, 50.50, -0.50, 62.261, -10.0000, 72.2610, 0.0000 
50.00, 50.50, -0.50, 62.233, -10.0000, 72.2333, 0.0000 
50.00, 50.50, -0.50, 62.206, -10.0000, 72.2055, 0.0000 
50.00, 50.50, -0.50, 62.178, -10.0000, 72.1778, 0.0000 
50.00, 50.50, -0.50, 62.150, -10.0000, 72.1500, 0.0000 
50.00, 50.50, -0.50, 62.122, -10.0000, 72.1223, 0.0000 
50.00, 50.50, -0.50, 62.095, -10.0000, 72.0945, 0.0000 
50.00, 50.00, 0.00, 73.596, 0.0000, 72.0945, 1.5015 
50.00, 50.00, 0.00, 72.095, 0.0000, 72.0945, 0.0000 
50.00, 50.00, 0.00, 72.095, 0.0000, 72.0945, 0.0000 
50.00, 50.00, 0.00, 72.095, 0.0000, 72.0945, 0.0000 
50.00, 50.50, -0.50, 60.565, -10.0000, 72.0668, -1.5015 
50.00, 50.50, -0.50, 62.039, -10.0000, 72.0390, 0.0000 
50.00, 50.50, -0.50, 62.011, -10.0000, 72.0113, 0.0000 
50.00, 50.50, -0.50, 61.984, -10.0000, 71.9835, 0.0000 
50.00, 50.50, -0.50, 61.956, -10.0000, 71.9558, 0.0000 
50.00, 50.50, -0.50, 61.928, -10.0000, 71.9280, 0.0000 
50.00, 50.50, -0.50, 61.900, -10.0000, 71.9003, 0.0000 
50.00, 50.50, -0.50, 61.873, -10.0000, 71.8725, 0.0000 
50.00, 50.50, -0.50, 61.845, -10.0000, 71.8448, 0.0000 
50.00, 50.00, 0.00, 73.346, 0.0000, 71.8448, 1.5015 
50.00, 50.00, 0.00, 71.845, 0.0000, 71.8448, 0.0000 
50.00, 50.00, 0.00, 71.845, 0.0000, 71.8448, 0.0000 
50.00, 50.00, 0.00, 71.845, 0.0000, 71.8448, 0.0000 
50.00, 50.00, 0.00, 71.845, 0.0000, 71.8448, 0.0000 
50.00, 50.00, 0.00, 71.845, 0.0000, 71.8448, 0.0000 
50.00, 50.00, 0.00, 71.845, 0.0000, 71.8448, 0.0000 
50.00, 50.50, -0.50, 60.315, -10.0000, 71.8170, -1.5015 
50.00, 50.50, -0.50, 61.789, -10.0000, 71.7893, 0.0000 
50.00, 50.50, -0.50, 61.762, -10.0000, 71.7615, 0.0000 
50.00, 50.50, -0.50, 61.734, -10.0000, 71.7337, 0.0000 
50.00, 50.50, -0.50, 61.706, -10.0000, 71.7060, 0.0000 
50.00, 50.50, -0.50, 61.678, -10.0000, 71.6783, 0.0000 
50.00, 50.50, -0.50, 61.650, -10.0000, 71.6505, 0.0000 
50.00, 50.50, -0.50, 61.623, -10.0000, 71.6227, 0.0000 
50.00, 50.50, -0.50, 61.595, -10.0000, 71.5950, 0.0000 
50.00, 50.50, -0.50, 61.567, -10.0000, 71.5672, 0.0000 
50.00, 50.50, -0.50, 61.539, -10.0000, 71.5395, 0.0000 
50.00, 50.50, -0.50, 61.512, -10.0000, 71.5117, 0.0000 
50.00, 50.50, -0.50, 61.484, -10.0000, 71.4840, 0.0000 
50.00, 50.50, -0.50, 61.456, -10.0000, 71.4562, 0.0000 
50.00, 50.50, -0.50, 61.428, -10.0000, 71.4285, 0.0000 
50.00, 50.00, 0.00, 72.930, 0.0000, 71.4285, 1.5015 
50.00, 50.00, 0.00, 71.428, 0.0000, 71.4285, 0.0000 
50.00, 50.00, 0.00, 71.428, 0.0000, 71.4285, 0.0000 
50.00, 50.00, 0.00, 71.428, 0.0000, 71.4285, 0.0000 
50.00, 50.00, 0.00, 71.428, 0.0000, 71.4285, 0.0000 
50.00, 50.50, -0.50, 59.899, -10.0000, 71.4007, -1.5015 
50.00, 50.00, 0.00, 72.902, 0.0000, 71.4007, 1.5015 
50.00, 50.00, 0.00, 71.401, 0.0000, 71.4007, 0.0000 
50.00, 50.00, 0.00, 71.401, 0.0000, 71.4007, 0.0000 
50.00, 50.00, 0.00, 71.401, 0.0000, 71.4007, 0.0000 
50.00, 50.00, 0.00, 71.401, 0.0000, 71.4007, 0.0000 
50.00, 50.00, 0.00, 71.401, 0.0000, 71.4007, 0.0000 
50.00, 50.00, 0.00, 71.401, 0.0000, 71.4007, 0.0000 
50.00, 50.00, 0.00, 71.401, 0.0000, 71.4007, 0.0000 
50.00, 50.50, -0.50, 59.871, -10.0000, 71.3730, -1.5015 
50.00, 50.50, -0.50, 61.345, -10.0000, 71.3452, 0.0000 
50.00, 50.50, -0.50, 61.317, -10.0000, 71.3175, 0.0000 
50.00, 50.50, -0.50, 61.290, -10.0000, 71.2897, 0.0000 
50.00, 50.50, -0.50, 61.262, -10.0000, 71.2620, 0.0000 
50.00, 50.50, -0.50, 61.234, -10.0000, 71.2342, 0.0000 
50.00, 50.50, -0.50, 61.206, -10.0000, 71.2065, 0.0000 
50.00, 50.50, -0.50, 61.179, -10.0000, 71.1787, 0.0000 
50.00, 50.50, -0.50, 61.151, -10.0000, 71.1510, 0.0000 
50.00, 50.50, -0.50, 61.123, -10.0000, 71.1232, 0.0000 
50.00, 50.50, -0.50, 61.095, -10.0000, 71.0955, 0.0000 
50.00, 50.50, -0.50, 61.068, -10.0000, 71.0677, 0.0000 
50.00, 50.50, -0.50, 61.040, -10.0000, 71.0400, 0.0000 
50.00, 50.50, -0.50, 61.012, -10.0000, 71.0122, 0.0000 
50.00, 50.50, -0.50, 60.984, -10.0000, 70.9845, 0.0000 
50.00, 50.50, -0.50, 60.957, -10.0000, 70.9567, 0.0000 
50.00, 50.50, -0.50, 60.929, -10.0000, 70.9290, 0.0000 
50.00, 50.50, -0.50, 60.901, -10.0000, 70.9012, 0.0000 
50.00, 50.50, -0.50, 60.873, -10.0000, 70.8735, 0.0000 
50.00, 50.50, -0.50, 60.846, -10.0000, 70.8457, 0.0000 
50.00, 50.50, -0.50, 60.818, -10.0000, 70.8180, 0.0000 
50.00, 50.50, -0.50, 60.790, -10.0000, 70.7902, 0.0000 
50.00, 50.50, -0.50, 60.762, -10.0000, 70.7625, 0.0000 
50.00, 50.50, -0.50, 60.735, -10.0000, 70.7347, 0.0000 
50.00, 50.50, -0.50, 60.707, -10.0000, 70.7070, 0.0000 
50.00, 50.50, -0.50, 60.679, -10.0000, 70.6792, 0.0000 
50.00, 50.00, 0.00, 72.181, 0.0000, 70.6792, 1.5015 
50.00, 50.00, 0.00, 70.679, 0.0000, 70.6792, 0.0000 
50.00, 50.00, 0.00, 70.679, 0.0000, 70.6792, 0.0000 
50.00, 50.00, 0.00, 70.679, 0.0000, 70.6792, 0.0000 
50.00, 50.00, 0.00, 70.679, 0.0000, 70.6792, 0.0000 
50.00, 50.00, 0.00, 70.679, 0.0000, 70.6792, 0.0000 
50.00, 50.50, -0.50, 59.150, -10.0000, 70.6515, -1.5015 
50.00, 50.50, -0.50, 60.624, -10.0000, 70.6237, 0.0000 
50.00, 50.50, -0.50, 60.596, -10.0000, 70.5960, 0.0000 
50.00, 50.50, -0.50, 60.568, -10.0000, 70.5682, 0.0000 
50.00, 50.50, -0.50, 60.540, -10.0000, 70.5405, 0.0000 
50.00, 50.50, -0.50, 60.513, -10.0000, 70.5127, 0.0000 
50.00, 50.50, -0.50, 60.485, -10.0000, 70.4850, 0.0000 
50.00, 50.50, -0.50, 60.457, -10.0000, 70.4572, 0.0000 
50.00, 50.50, -0.50, 60.429, -10.0000, 70.4295, 0.0000 
50.00, 50.50, -0.50, 60.402, -10.0000, 70.4017, 0.0000 
50.00, 50.50, -0.50, 60.374, -10.0000, 70.3740, 0.0000 
50.00, 50.50, -0.50, 60.346, -10.0000, 70.3462, 0.0000 
50.00, 50.50, -0.50, 60.318, -10.0000, 70.3185, 0.0000 
50.00, 50.50, -0.50, 60.291, -10.0000, 70.2907, 0.0000 
50.00, 50.50, -0.50, 60.263, -10.0000, 70.2630, 0.0000 
50.00, 50.50, -0.50, 60.235, -10.0000, 70.2352, 0.0000 
50.00, 50.00, 0.00, 71.737, 0.0000, 70.2352, 1.5015 
50.00, 50.00, 0.00, 70.235, 0.0000, 70.2352, 0.0000 
50.00, 50.00, 0.00, 70.235, 0.0000, 70.2352, 0.0000 
50.00, 50.00, 0.00, 70.235, 0.0000, 70.2352, 0.0000 
50.00, 50.00, 0.00, 70.235, 0.0000, 70.2352, 0.0000 
50.00, 50.00, 0.00, 70.235, 0.0000, 70.2352, 0.0000 
50.00, 50.00, 0.00, 70.235, 0.0000, 70.2352, 0.0000 
50.00, 50.00, 0.00, 70.235, 0.0000, 70.2352, 0.0000 
50.00, 50.00, 0.00, 70.235, 0.0000, 70.2352, 0.0000 
50.00, 50.00, 0.00, 70.235, 0.0000, 70.2352, 0.0000 
50.00, 50.00, 0.00, 70.235, 0.0000, 70.2352, 0.0000 
50.00, 50.00, 0.00, 70.235, 0.0000, 70.2352, 0.0000 
50.00, 50.00, 0.00, 70.235, 0.0000, 70.2352, 0.0000 
50.00, 50.00, 0.00, 70.235, 0.0000, 70.2352, 0.0000 
50.00, 50.00, 0.00, 70.235, 0.0000, 70.2352, 0.0000 
50.00, 50.50, -0.50, 58.706, -10.0000, 70.2075, -1.5015 
50.00, 50.50, -0.50, 60.180, -10.0000, 70.1797, 0.0000 
50.00, 50.50, -0.50, 60.152, -10.0000, 70.1520, 0.0000 
50.00, 50.50, -0.50, 60.124, -10.0000, 70.1242, 0.0000 
50.00, 50.50, -0.50, 60.096, -10.0000, 70.0965, 0.0000 
50.00, 50.50, -0.50, 60.069, -10.0000, 70.0687, 0.0000 
50.00, 50.50, -0.50, 60.041, -10.0000, 70.0410, 0.0000 
50.00, 50.50, -0.50, 60.013, -10.0000, 70.0132, 0.0000 
50.00, 50.50, -0.50, 59.985, -10.0000, 69.9855, 0.0000 
50.00, 50.50, -0.50, 59.958, -10.0000, 69.9577, 0.0000 
50.00, 50.50, -0.50, 59.930, -10.0000, 69.9300, 0.0000 
50.00, 50.50, -0.50, 59.902, -10.0000, 69.9022, 0.0000 
50.00, 50.50, -0.50, 59.874, -10.0000, 69.8745, 0.0000 
50.00, 50.50, -0.50, 59.847, -10.0000, 69.8467, 0.0000 
50.00, 50.50, -0.50, 59.819, -10.0000, 69.8190, 0.0000 
50.00, 50.50, -0.50, 59.791, -10.0000, 69.7912, 0.0000 
50.00, 50.50, -0.50, 59.763, -10.0000, 69.7635, 0.0000 
50.00, 50.50, -0.50, 59.736, -10.0000, 69.7357, 0.0000 
50.00, 50.50, -0.50, 59.708, -10.0000, 69.7080, 0.0000 
50.00, 50.50, -0.50, 59.680, -10.0000, 69.6802, 0.0000 
50.00, 50.50, -0.50, 59.652, -10.0000, 69.6525, 0.0000 
50.00, 50.50, -0.50, 59.625, -10.0000, 69.6247, 0.0000 
50.00, 50.50, -0.50, 59.597, -10.0000, 69.5970, 0.0000 
50.00, 50.50, -0.50, 59.569, -10.0000, 69.5692, 0.0000 
50.00, 50.50, -0.50, 59.541, -10.0000, 69.5415, 0.0000 
50.00, 50.50, -0.50, 59.514, -10.0000, 69.5137, 0.0000 
50.00, 50.50, -0.50, 59.486, -10.0000, 69.4859, 0.0000 
50.00, 50.50, -0.50, 59.458, -10.0000, 69.4582, 0.0000 
50.00, 50.50, -0.50, 59.430, -10.0000, 69.4305, 0.0000 
50.00, 50.50, -0.50, 59.403, -10.0000, 69.4027, 0.0000 
50.00, 50.50, -0.50, 59.375, -10.0000, 69.3749, 0.0000 
50.00, 50.50, -0.50, 59.347, -10.0000, 69.3472, 0.0000 
50.00, 50.50, -0.50, 59.319, -10.0000, 69.3194, 0.0000 
50.00, 50.50, -0.50, 59.292, -10.0000, 69.2917, 0.0000 
50.00, 50.00, 0.00, 70.793, 0.0000, 69.2917, 1.5015 
50.00, 50.50, -0.50, 57.762, -10.0000, 69.2639, -1.5015 
50.00, 50.50, -0.50, 59.236, -10.0000, 69.2362, 0.0000 
50.00, 50.50, -0.50, 59.208, -10.0000, 69.2084, 0.0000 
50.00, 50.50, -0.50, 59.181, -10.0000, 69.1807, 0.0000 
50.00, 50.50, -0.50, 59.153, -10.0000, 69.1529, 0.0000 
50.00, 50.50, -0.50, 59.125, -10.0000, 69.1252, 0.0000 
50.00, 50.50, -0.50, 59.097, -10.0000, 69.0974, 0.0000 
50.00, 50.50, -0.50, 59.070, -10.0000, 69.0697, 0.0000 
50.00, 50.50, -0.50, 59.042, -10.0000, 69.0419, 0.0000 
50.00, 50.50, -0.50, 59.014, -10.0000, 69.0142, 0.0000 
50.00, 50.50, -0.50, 58.986, -10.0000, 68.9864, 0.0000 
50.00, 50.50, -0.50, 58.959, -10.0000, 68.9587, 0.0000 
50.00, 50.50, -0.50, 58.931, -10.0000, 68.9309, 0.0000 
50.00, 50.50, -0.50, 58.903, -10.0000, 68.9032, 0.0000 
50.00, 50.50, -0.50, 58.875, -10.0000, 68.8754, 0.0000 
50.00, 50.50, -0.50, 58.848, -10.0000, 68.8477, 0.0000 
50.00, 50.50, -0.50, 58.820, -10.0000, 68.8199, 0.0000 
50.00, 50.50, -0.50, 58.792, -10.0000, 68.7922, 0.0000 
50.00, 50.00, 0.00, 70.294, 0.0000, 68.7922, 1.5015 
50.00, 50.50, -0.50, 57.263, -10.0000, 68.7644, -1.5015 
50.00, 50.50, -0.50, 58.737, -10.0000, 68.7367, 0.0000 
50.00, 50.50, -0.50, 58.709, -10.0000, 68.7089, 0.0000 
50.00, 50.50, -0.50, 58.681, -10.0000, 68.6812, 0.0000 
50.00, 50.00, 0.00, 70.183, 0.0000, 68.6812, 1.5015 
50.00, 50.00, 0.00, 68.681, 0.0000, 68.6812, 0.0000 
50.00, 50.00, 0.00, 68.681, 0.0000, 68.6812, 0.0000 
50.00, 50.50, -0.50, 57.152, -10.0000, 68.6534, -1.5015 
50.00, 50.00, 0.00, 70.155, 0.0000, 68.6534, 1.5015 
50.00, 50.00, 0.00, 68.653, 0.0000, 68.6534, 0.0000 
50.00, 50.50, -0.50, 57.124, -10.0000, 68.6257, -1.5015 
50.00, 50.50, -0.50, 58.598, -10.0000, 68.5979, 0.0000 
50.00, 50.50, -0.50, 58.570, -10.0000, 68.5702, 0.0000 
50.00, 50.50, -0.50, 58.542, -10.0000, 68.5424, 0.0000 
50.00, 50.50, -0.50, 58.515, -10.0000, 68.5147, 0.0000 
50.00, 50.50, -0.50, 58.487, -10.0000, 68.4869, 0.0000 
50.00, 50.50, -0.50, 58.459, -10.0000, 68.4592, 0.0000 
50.00, 50.50, -0.50, 58.431, -10.0000, 68.4314, 0.0000 
50.00, 50.50, -0.50, 58.404, -10.0000, 68.4037, 0.0000 
50.00, 50.50, -0.50, 58.376, -10.0000, 68.3759, 0.0000 
50.00, 50.50, -0.50, 58.348, -10.0000, 68.3482, 0.0000 
50.00, 50.50, -0.50, 58.320, -10.0000, 68.3204, 0.0000 
50.00, 50.00, 0.00, 69.822, 0.0000, 68.3204, 1.5015 
50.00, 50.00, 0.00, 68.320, 0.0000, 68.3204, 0.0000 
50.00, 50.00, 0.00, 68.320, 0.0000, 68.3204, 0.0000 
50.00, 50.00, 0.00, 68.320, 0.0000, 68.3204, 0.0000 
50.00, 50.00, 0.00, 68.320, 0.0000, 68.3204, 0.0000 
50.00, 50.00, 0.00, 68.320, 0.0000, 68.3204, 0.0000 
50.00, 50.00, 0.00, 68.320, 0.0000, 68.3204, 0.0000 
50.00, 50.50, -0.50, 56.791, -10.0000, 68.2927, -1.5015 
50.00, 50.50, -0.50, 58.265, -10.0000, 68.2649, 0.0000 
50.00, 50.50, -0.50, 58.237, -10.0000, 68.2372, 0.0000 
50.00, 50.50, -0.50, 58.209, -10.0000, 68.2094, 0.0000 
50.00, 50.50, -0.50, 58.182, -10.0000, 68.1817, 0.0000 
50.00, 50.50, -0.50, 58.154, -10.0000, 68.1539, 0.0000 
50.00, 50.50, -0.50, 58.126, -10.0000, 68.1262, 0.0000 
50.00, 50.50, -0.50, 58.098, -10.0000, 68.0984, 0.0000 
50.00, 50.50, -0.50, 58.071, -10.0000, 68.0707, 0.0000 
50.00, 50.50, -0.50, 58.043, -10.0000, 68.0429, 0.0000 
50.00, 50.50, -0.50, 58.015, -10.0000, 68.0152, 0.0000 
50.00, 50.50, -0.50, 57.987, -10.0000, 67.9874, 0.0000 
50.00, 50.50, -0.50, 57.960, -10.0000, 67.9597, 0.0000 
50.00, 50.50, -0.50, 57.932, -10.0000, 67.9319, 0.0000 
50.00, 50.50, -0.50, 57.904, -10.0000, 67.9042, 0.0000 
50.00, 50.50, -0.50, 57.876, -10.0000, 67.8764, 0.0000 
50.00, 50.50, -0.50, 57.849, -10.0000, 67.8487, 0.0000 
50.00, 50.00, 0.00, 69.350, 0.0000, 67.8487, 1.5015 
50.00, 50.50, -0.50, 56.319, -10.0000, 67.8209, -1.5015 
50.00, 50.50, -0.50, 57.793, -10.0000, 67.7932, 0.0000 
50.00, 50.00, 0.00, 69.295, 0.0000, 67.7932, 1.5015 
50.00, 50.50, -0.50, 56.264, -10.0000, 67.7654, -1.5015 
50.00, 50.00, 0.00, 69.267, 0.0000, 67.7654, 1.5015 
50.00, 50.00, 0.00, 67.765, 0.0000, 67.7654, 0.0000 
50.00, 50.00, 0.00, 67.765, 0.0000, 67.7654, 0.0000 
50.00, 50.50, -0.50, 56.236, -10.0000, 67.7377, -1.5015 
50.00, 50.00, 0.00, 69.239, 0.0000, 67.7377, 1.5015 
50.00, 50.50, -0.50, 56.208, -10.0000, 67.7099, -1.5015 
50.00, 50.50, -0.50, 57.682, -10.0000, 67.6822, 0.0000 
50.00, 50.50, -0.50, 57.654, -10.0000, 67.6544, 0.0000 
50.00, 50.50, -0.50, 57.627, -10.0000, 67.6267, 0.0000 
50.00, 50.50, -0.50, 57.599, -10.0000, 67.5989, 0.0000 
50.00, 50.50, -0.50, 57.571, -10.0000, 67.5712, 0.0000 
50.00, 50.50, -0.50, 57.543, -10.0000, 67.5434, 0.0000 
50.00, 50.50, -0.50, 57.516, -10.0000, 67.5157, 0.0000 
50.00, 50.50, -0.50, 57.488, -10.0000, 67.4879, 0.0000 
50.00, 50.50, -0.50, 57.460, -10.0000, 67.4602, 0.0000 
50.00, 50.50, -0.50, 57.432, -10.0000, 67.4324, 0.0000 
50.00, 50.50, -0.50, 57.405, -10.0000, 67.4046, 0.0000 
50.00, 50.50, -0.50, 57.377, -10.0000, 67.3769, 0.0000 
50.00, 50.50, -0.50, 57.349, -10.0000, 67.3492, 0.0000 
50.00, 50.50, -0.50, 57.321, -10.0000, 67.3214, 0.0000 
50.00, 50.50, -0.50, 57.294, -10.0000, 67.2936, 0.0000 
50.00, 50.50, -0.50, 57.266, -10.0000, 67.2659, 0.0000 
50.00, 50.50, -0.50, 57.238, -10.0000, 67.2381, 0.0000 
50.00, 50.50, -0.50, 57.210, -10.0000, 67.2104, 0.0000 
50.00, 50.50, -0.50, 57.183, -10.0000, 67.1826, 0.0000 
50.00, 50.50, -0.50, 57.155, -10.0000, 67.1549, 0.0000 
50.00, 50.50, -0.50, 57.127, -10.0000, 67.1271, 0.0000 
50.00, 50.50, -0.50, 57.099, -10.0000, 67.0994, 0.0000 
50.00, 50.50, -0.50, 57.072, -10.0000, 67.0716, 0.0000 
50.00, 50.50, -0.50, 57.044, -10.0000, 67.0439, 0.0000 
50.00, 50.50, -0.50, 57.016, -10.0000, 67.0161, 0.0000 
50.00, 50.50, -0.50, 56.988, -10.0000, 66.9884, 0.0000 
50.00, 50.50, -0.50, 56.961, -10.0000, 66.9606, 0.0000 
50.00, 50.50, -0.50, 56.933, -10.0000, 66.9329, 0.0000 
50.00, 50.50, -0.50, 56.905, -10.0000, 66.9051, 0.0000 
50.00, 50.50, -0.50, 56.877, -10.0000, 66.8774, 0.0000 
50.00, 50.50, -0.50, 56.850, -10.0000, 66.8496, 0.0000 
50.00, 50.50, -0.50, 56.822, -10.0000, 66.8219, 0.0000 
50.00, 50.50, -0.50, 56.794, -10.0000, 66.7941, 0.0000 
50.00, 50.50, -0.50, 56.766, -10.0000, 66.7664, 0.0000 
50.00, 50.50, -0.50, 56.739, -10.0000, 66.7386, 0.0000 
50.00, 50.50, -0.50, 56.711, -10.0000, 66.7109, 0.0000 
50.00, 50.00, 0.00, 68.212, 0.0000, 66.7109, 1.5015 
50.00, 50.50, -0.50, 55.182, -10.0000, 66.6831, -1.5015 
50.00, 50.50, -0.50, 56.655, -10.0000, 66.6554, 0.0000 
50.00, 50.50, -0.50, 56.628, -10.0000, 66.6276, 0.0000 
50.00, 50.50, -0.50, 56.600, -10.0000, 66.5999, 0.0000 
50.00, 50.50, -0.50, 56.572, -10.0000, 66.5721, 0.0000 
50.00, 50.50, -0.50, 56.544, -10.0000, 66.5444, 0.0000 
50.00, 50.50, -0.50, 56.517, -10.0000, 66.5166, 0.0000 
50.00, 50.50, -0.50, 56.489, -10.0000, 66.4889, 0.0000 
50.00, 50.50, -0.50, 56.461, -10.0000, 66.4611, 0.0000 
50.00, 50.50, -0.50, 56.433, -10.0000, 66.4334, 0.0000 
50.00, 50.00, 0.00, 67.935, 0.0000, 66.4334, 1.5015 
50.00, 50.50, -0.50, 54.904, -10.0000, 66.4056, -1.5015 
50.00, 50.00, 0.00, 67.907, 0.0000, 66.4056, 1.5015 
50.00, 50.00, 0.00, 66.406, 0.0000, 66.4056, 0.0000 
50.00, 50.00, 0.00, 66.406, 0.0000, 66.4056, 0.0000 
50.00, 50.00, 0.00, 66.406, 0.0000, 66.4056, 0.0000 
50.00, 50.00, 0.00, 66.406, 0.0000, 66.4056, 0.0000 
50.00, 50.00, 0.00, 66.406, 0.0000, 66.4056, 0.0000 
50.00, 50.00, 0.00, 66.406, 0.0000, 66.4056, 0.0000 
50.00, 50.00, 0.00, 66.406, 0.0000, 66.4056, 0.0000 
50.00, 50.50, -0.50, 54.876, -10.0000, 66.3779, -1.5015 
50.00, 50.50, -0.50, 56.350, -10.0000, 66.3501, 0.0000 
50.00, 50.50, -0.50, 56.322, -10.0000, 66.3224, 0.0000 
50.00, 50.50, -0.50, 56.295, -10.0000, 66.2946, 0.0000 
50.00, 50.50, -0.50, 56.267, -10.0000, 66.2669, 0.0000 
50.00, 50.50, -0.50, 56.239, -10.0000, 66.2391, 0.0000 
50.00, 50.50, -0.50, 56.211, -10.0000, 66.2114, 0.0000 
50.00, 50.50, -0.50, 56.184, -10.0000, 66.1836, 0.0000 
50.00, 50.50, -0.50, 56.156, -10.0000, 66.1559, 0.0000 
50.00, 50.50, -0.50, 56.128, -10.0000, 66.1281, 0.0000 
50.00, 50.50, -0.50, 56.100, -10.0000, 66.1004, 0.0000 
50.00, 50.50, -0.50, 56.073, -10.0000, 66.0726, 0.0000 
50.00, 50.50, -0.50, 56.045, -10.0000, 66.0449, 0.0000 
50.00, 50.50, -0.50, 56.017, -10.0000, 66.0171, 0.0000 
50.00, 50.50, -0.50, 55.989, -10.0000, 65.9894, 0.0000 
50.00, 50.50, -0.50, 55.962, -10.0000, 65.9616, 0.0000 
50.00, 50.50, -0.50, 55.934, -10.0000, 65.9339, 0.0000 
50.00, 50.50, -0.50, 55.906, -10.0000, 65.9061, 0.0000 
50.00, 50.50, -0.50, 55.878, -10.0000, 65.8784, 0.0000 
50.00, 50.50, -0.50, 55.851, -10.0000, 65.8506, 0.0000 
50.00, 50.50, -0.50, 55.823, -10.0000, 65.8229, 0.0000 
50.00, 50.50, -0.50, 55.795, -10.0000, 65.7951, 0.0000 
50.00, 50.50, -0.50, 55.767, -10.0000, 65.7674, 0.0000 
50.00, 50.50, -0.50, 55.740, -10.0000, 65.7396, 0.0000 
50.00, 50.50, -0.50, 55.712, -10.0000, 65.7119, 0.0000 
50.00, 50.00, 0.00, 67.213, 0.0000, 65.7119, 1.5015 
50.00, 50.00, 0.00, 65.712, 0.0000, 65.7119, 0.0000 
50.00, 50.00, 0.00, 65.712, 0.0000, 65.7119, 0.0000 
50.00, 50.00, 0.00, 65.712, 0.0000, 65.7119, 0.0000 
50.00, 50.50, -0.50, 54.183, -10.0000, 65.6841, -1.5015 
50.00, 50.50, -0.50, 55.656, -10.0000, 65.6564, 0.0000 
50.00, 50.50, -0.50, 55.629, -10.0000, 65.6286, 0.0000 
50.00, 50.50, -0.50, 55.601, -10.0000, 65.6009, 0.0000 
50.00, 50.50, -0.50, 55.573, -10.0000, 65.5731, 0.0000 
50.00, 50.50, -0.50, 55.545, -10.0000, 65.5454, 0.0000 
50.00, 50.50, -0.50, 55.518, -10.0000, 65.5176, 0.0000 
50.00, 50.50, -0.50, 55.490, -10.0000, 65.4899, 0.0000 
50.00, 50.50, -0.50, 55.462, -10.0000, 65.4621, 0.0000 
50.00, 50.50, -0.50, 55.434, -10.0000, 65.4344, 0.0000 
50.00, 50.50, -0.50, 55.407, -10.0000, 65.4066, 0.0000 
50.00, 50.50, -0.50, 55.379, -10.0000, 65.3789, 0.0000 
50.00, 50.50, -0.50, 55.351, -10.0000, 65.3511, 0.0000 
50.00, 50.00, 0.00, 66.853, 0.0000, 65.3511, 1.5015 
50.00, 50.00, 0.00, 65.351, 0.0000, 65.3511, 0.0000 
50.00, 50.00, 0.00, 65.351, 0.0000, 65.3511, 0.0000 
50.00, 50.00, 0.00, 65.351, 0.0000, 65.3511, 0.0000 
50.00, 50.00, 0.00, 65.351, 0.0000, 65.3511, 0.0000 
50.00, 50.00, 0.00, 65.351, 0.0000, 65.3511, 0.0000 
50.00, 50.00, 0.00, 65.351, 0.0000, 65.3511, 0.0000 
50.00, 50.00, 0.00, 65.351, 0.0000, 65.3511, 0.0000 
50.00, 50.50, -0.50, 53.822, -10.0000, 65.3233, -1.5015 
50.00, 50.50, -0.50, 55.296, -10.0000, 65.2956, 0.0000 
50.00, 50.50, -0.50, 55.268, -10.0000, 65.2679, 0.0000 
50.00, 50.50, -0.50, 55.240, -10.0000, 65.2401, 0.0000 
50.00, 50.50, -0.50, 55.212, -10.0000, 65.2123, 0.0000 
50.00, 50.50, -0.50, 55.185, -10.0000, 65.1846, 0.0000 
50.00, 50.50, -0.50, 55.157, -10.0000, 65.1568, 0.0000 
50.00, 50.50, -0.50, 55.129, -10.0000, 65.1291, 0.0000 
50.00, 50.50, -0.50, 55.101, -10.0000, 65.1013, 0.0000 
50.00, 50.50, -0.50, 55.074, -10.0000, 65.0736, 0.0000 
50.00, 50.50, -0.50, 55.046, -10.0000, 65.0458, 0.0000 
50.00, 50.50, -0.50, 55.018, -10.0000, 65.0181, 0.0000 
50.00, 50.50, -0.50, 54.990, -10.0000, 64.9903, 0.0000 
50.00, 50.50, -0.50, 54.963, -10.0000, 64.9626, 0.0000 
50.00, 50.50, -0.50, 54.935, -10.0000, 64.9348, 0.0000 
50.00, 50.50, -0.50, 54.907, -10.0000, 64.9071, 0.0000 
50.00, 50.50, -0.50, 54.879, -10.0000, 64.8793, 0.0000 
50.00, 50.50, -0.50, 54.852, -10.0000, 64.8516, 0.0000 
50.00, 50.50, -0.50, 54.824, -10.0000, 64.8238, 0.0000 
50.00, 50.50, -0.50, 54.796, -10.0000, 64.7961, 0.0000 
50.00, 50.50, -0.50, 54.768, -10.0000, 64.7683, 0.0000 
50.00, 50.50, -0.50, 54.741, -10.0000, 64.7406, 0.0000 
50.00, 50.50, -0.50, 54.713, -10.0000, 64.7128, 0.0000 
50.00, 50.50, -0.50, 54.685, -10.0000, 64.6851, 0.0000 
50.00, 50.50, -0.50, 54.657, -10.0000, 64.6573, 0.0000 
50.00, 50.50, -0.50, 54.630, -10.0000, 64.6296, 0.0000 
50.00, 50.50, -0.50, 54.602, -10.0000, 64.6018, 0.0000 
50.00, 50.50, -0.50, 54.574, -10.0000, 64.5741, 0.0000 
50.00, 50.00, 0.00, 66.076, 0.0000, 64.5741, 1.5015 
50.00, 50.00, 0.00, 64.574, 0.0000, 64.5741, 0.0000 
50.00, 50.50, -0.50, 53.045, -10.0000, 64.5463, -1.5015 
50.00, 50.00, 0.00, 66.048, 0.0000, 64.5463, 1.5015 
50.00, 50.00, 0.00, 64.546, 0.0000, 64.5463, 0.0000 
50.00, 50.00, 0.00, 64.546, 0.0000, 64.5463, 0.0000 
50.00, 50.50, -0.50, 53.017, -10.0000, 64.5186, -1.5015 
50.00, 50.50, -0.50, 54.491, -10.0000, 64.4908, 0.0000 
50.00, 50.50, -0.50, 54.463, -10.0000, 64.4631, 0.0000 
50.00, 50.50, -0.50, 54.435, -10.0000, 64.4353, 0.0000 
50.00, 50.50, -0.50, 54.408, -10.0000, 64.4076, 0.0000 
50.00, 50.50, -0.50, 54.380, -10.0000, 64.3798, 0.0000 
50.00, 50.50, -0.50, 54.352, -10.0000, 64.3521, 0.0000 
50.00, 50.50, -0.50, 54.324, -10.0000, 64.3243, 0.0000 
50.00, 50.50, -0.50, 54.297, -10.0000, 64.2966, 0.0000 
50.00, 50.00, 0.00, 65.798, 0.0000, 64.2966, 1.5015 
50.00, 50.00, 0.00, 64.297, 0.0000, 64.2966, 0.0000 
50.00, 50.00, 0.00, 64.297, 0.0000, 64.2966, 0.0000 
50.00, 50.50, -0.50, 52.767, -10.0000, 64.2688, -1.5015 
50.00, 50.00, 0.00, 65.770, 0.0000, 64.2688, 1.5015 
50.00, 50.00, 0.00, 64.269, 0.0000, 64.2688, 0.0000 
50.00, 50.00, 0.00, 64.269, 0.0000, 64.2688, 0.0000 
50.00, 50.00, 0.00, 64.269, 0.0000, 64.2688, 0.0000 
50.00, 50.00, 0.00, 64.269, 0.0000, 64.2688, 0.0000 
50.00, 50.00, 0.00, 64.269, 0.0000, 64.2688, 0.0000 
50.00, 50.00, 0.00, 64.269, 0.0000, 64.2688, 0.0000 
50.00, 50.00, 0.00, 64.269, 0.0000, 64.2688, 0.0000 
50.00, 50.00, 0.00, 64.269, 0.0000, 64.2688, 0.0000 
50.00, 50.50, -0.50, 52.740, -10.0000, 64.2411, -1.5015 
50.00, 50.50, -0.50, 54.213, -10.0000, 64.2133, 0.0000 
50.00, 50.50, -0.50, 54.186, -10.0000, 64.1856, 0.0000 
50.00, 50.50, -0.50, 54.158, -10.0000, 64.1578, 0.0000 
50.00, 50.50, -0.50, 54.130, -10.0000, 64.1301, 0.0000 
50.00, 50.50, -0.50, 54.102, -10.0000, 64.1023, 0.0000 
50.00, 50.50, -0.50, 54.075, -10.0000, 64.0746, 0.0000 
50.00, 50.50, -0.50, 54.047, -10.0000, 64.0468, 0.0000 
50.00, 50.50, -0.50, 54.019, -10.0000, 64.0191, 0.0000 
50.00, 50.50, -0.50, 53.991, -10.0000, 63.9913, 0.0000 
50.00, 50.50, -0.50, 53.964, -10.0000, 63.9636, 0.0000 
50.00, 50.50, -0.50, 53.936, -10.0000, 63.9358, 0.0000 
50.00, 50.50, -0.50, 53.908, -10.0000, 63.9081, 0.0000 
50.00, 50.50, -0.50, 53.880, -10.0000, 63.8803, 0.0000 
50.00, 50.00, 0.00, 65.382, 0.0000, 63.8803, 1.5015 
50.00, 50.00, 0.00, 63.880, 0.0000, 63.8803, 0.0000 
50.00, 50.00, 0.00, 63.880, 0.0000, 63.8803, 0.0000 
50.00, 50.00, 0.00, 63.880, 0.0000, 63.8803, 0.0000 
50.00, 50.00, 0.00, 63.880, 0.0000, 63.8803, 0.0000 
50.00, 50.00, 0.00, 63.880, 0.0000, 63.8803, 0.0000 
50.00, 50.00, 0.00, 63.880, 0.0000, 63.8803, 0.0000 
50.00, 50.00, 0.00, 63.880, 0.0000, 63.8803, 0.0000 
50.00, 50.50, -0.50, 52.351, -10.0000, 63.8526, -1.5015 
50.00, 50.50, -0.50, 53.825, -10.0000, 63.8248, 0.0000 
50.00, 50.50, -0.50, 53.797, -10.0000, 63.7971, 0.0000 
50.00, 50.50, -0.50, 53.769, -10.0000, 63.7693, 0.0000 
50.00, 50.50, -0.50, 53.742, -10.0000, 63.7416, 0.0000 
50.00, 50.50, -0.50, 53.714, -10.0000, 63.7138, 0.0000 
50.00, 50.50, -0.50, 53.686, -10.0000, 63.6861, 0.0000 
50.00, 50.50, -0.50, 53.658, -10.0000, 63.6583, 0.0000 
50.00, 50.50, -0.50, 53.631, -10.0000, 63.6306, 0.0000 
50.00, 50.50, -0.50, 53.603, -10.0000, 63.6028, 0.0000 
50.00, 50.50, -0.50, 53.575, -10.0000, 63.5751, 0.0000 
50.00, 50.50, -0.50, 53.547, -10.0000, 63.5473, 0.0000 
50.00, 50.50, -0.50, 53.520, -10.0000, 63.5196, 0.0000 
50.00, 50.50, -0.50, 53.492, -10.0000, 63.4918, 0.0000 
50.00, 50.00, 0.00, 64.993, 0.0000, 63.4918, 1.5015 
50.00, 50.50, -0.50, 51.963, -10.0000, 63.4641, -1.5015 
50.00, 50.50, -0.50, 53.436, -10.0000, 63.4363, 0.0000 
50.00, 50.00, 0.00, 64.938, 0.0000, 63.4363, 1.5015 
50.00, 50.50, -0.50, 51.907, -10.0000, 63.4086, -1.5015 
50.00, 50.50, -0.50, 53.381, -10.0000, 63.3808, 0.0000 
50.00, 50.50, -0.50, 53.353, -10.0000, 63.3531, 0.0000 
50.00, 50.50, -0.50, 53.325, -10.0000, 63.3253, 0.0000 
50.00, 50.50, -0.50, 53.298, -10.0000, 63.2976, 0.0000 
50.00, 50.50, -0.50, 53.270, -10.0000, 63.2698, 0.0000 
50.00, 50.00, 0.00, 64.771, 0.0000, 63.2698, 1.5015 
50.00, 50.50, -0.50, 51.741, -10.0000, 63.2421, -1.5015 
50.00, 50.50, -0.50, 53.214, -10.0000, 63.2143, 0.0000 
50.00, 50.50, -0.50, 53.187, -10.0000, 63.1866, 0.0000 
50.00, 50.50, -0.50, 53.159, -10.0000, 63.1588, 0.0000 
50.00, 50.00, 0.00, 64.660, 0.0000, 63.1588, 1.5015 
50.00, 50.50, -0.50, 51.630, -10.0000, 63.1311, -1.5015 
50.00, 50.50, -0.50, 53.103, -10.0000, 63.1033, 0.0000 
50.00, 50.50, -0.50, 53.076, -10.0000, 63.0755, 0.0000 
50.00, 50.50, -0.50, 53.048, -10.0000, 63.0478, 0.0000 
50.00, 50.50, -0.50, 53.020, -10.0000, 63.0200, 0.0000 
50.00, 50.50, -0.50, 52.992, -10.0000, 62.9923, 0.0000 
50.00, 50.00, 0.00, 64.494, 0.0000, 62.9923, 1.5015 
50.00, 50.00, 0.00, 62.992, 0.0000, 62.9923, 0.0000 
50.00, 50.00, 0.00, 62.992, 0.0000, 62.9923, 0.0000 
50.00, 50.00, 0.00, 62.992, 0.0000, 62.9923, 0.0000 
50.00, 50.00, 0.00, 62.992, 0.0000, 62.9923, 0.0000 
50.00, 50.00, 0.00, 62.992, 0.0000, 62.9923, 0.0000 
50.00, 50.00, 0.00, 62.992, 0.0000, 62.9923, 0.0000 
50.00, 50.00, 0.00, 62.992, 0.0000, 62.9923, 0.0000 
50.00, 50.00, 0.00, 62.992, 0.0000, 62.9923, 0.0000 
50.00, 50.00, 0.00, 62.992, 0.0000, 62.9923, 0.0000 
50.00, 50.50, -0.50, 51.463, -10.0000, 62.9645, -1.5015 
50.00, 50.50, -0.50, 52.937, -10.0000, 62.9368, 0.0000 
50.00, 50.50, -0.50, 52.909, -10.0000, 62.9090, 0.0000 
50.00, 50.50, -0.50, 52.881, -10.0000, 62.8813, 0.0000 
50.00, 50.50, -0.50, 52.854, -10.0000, 62.8535, 0.0000 
50.00, 50.50, -0.50, 52.826, -10.0000, 62.8258, 0.0000 
50.00, 50.50, -0.50, 52.798, -10.0000, 62.7980, 0.0000 
50.00, 50.50, -0.50, 52.770, -10.0000, 62.7703, 0.0000 
50.00, 50.50, -0.50, 52.743, -10.0000, 62.7425, 0.0000 
50.00, 50.50, -0.50, 52.715, -10.0000, 62.7148, 0.0000 
50.00, 50.50, -0.50, 52.687, -10.0000, 62.6870, 0.0000 
50.00, 50.50, -0.50, 52.659, -10.0000, 62.6593, 0.0000 
50.00, 50.50, -0.50, 52.632, -10.0000, 62.6315, 0.0000 
50.00, 50.50, -0.50, 52.604, -10.0000, 62.6038, 0.0000 
50.00, 50.50, -0.50, 52.576, -10.0000, 62.5760, 0.0000 
50.00, 50.00, 0.00, 64.078, 0.0000, 62.5760, 1.5015 
50.00, 50.00, 0.00, 62.576, 0.0000, 62.5760, 0.0000 
50.00, 50.00, 0.00, 62.576, 0.0000, 62.5760, 0.0000 
50.00, 50.00, 0.00, 62.576, 0.0000, 62.5760, 0.0000 
50.00, 50.50, -0.50, 51.047, -10.0000, 62.5483, -1.5015 
50.00, 50.50, -0.50, 52.521, -10.0000, 62.5205, 0.0000 
50.00, 50.00, 0.00, 64.022, 0.0000, 62.5205, 1.5015 
50.00, 50.50, -0.50, 50.991, -10.0000, 62.4928, -1.5015 
50.00, 50.00, 0.00, 63.994, 0.0000, 62.4928, 1.5015 
50.00, 50.00, 0.00, 62.493, 0.0000, 62.4928, 0.0000 
50.00, 50.00, 0.00, 62.493, 0.0000, 62.4928, 0.0000 
50.00, 50.00, 0.00, 62.493, 0.0000, 62.4928, 0.0000 
50.00, 50.50, -0.50, 50.964, -10.0000, 62.4650, -1.5015 
50.00, 50.50, -0.50, 52.437, -10.0000, 62.4373, 0.0000 
50.00, 50.50, -0.50, 52.410, -10.0000, 62.4095, 0.0000 
50.00, 50.50, -0.50, 52.382, -10.0000, 62.3818, 0.0000 
50.00, 50.50, -0.50, 52.354, -10.0000, 62.3540, 0.0000 
50.00, 50.50, -0.50, 52.326, -10.0000, 62.3263, 0.0000 
50.00, 50.50, -0.50, 52.299, -10.0000, 62.2985, 0.0000 
50.00, 50.50, -0.50, 52.271, -10.0000, 62.2708, 0.0000 
50.00, 50.00, 0.00, 63.772, 0.0000, 62.2708, 1.5015 
50.00, 50.00, 0.00, 62.271, 0.0000, 62.2708, 0.0000 
50.00, 50.00, 0.00, 62.271, 0.0000, 62.2708, 0.0000 
50.00, 50.00, 0.00, 62.271, 0.0000, 62.2708, 0.0000 
50.00, 50.50, -0.50, 50.742, -10.0000, 62.2430, -1.5015 
50.00, 50.50, -0.50, 52.215, -10.0000, 62.2153, 0.0000 
50.00, 50.50, -0.50, 52.188, -10.0000, 62.1875, 0.0000 
50.00, 50.50, -0.50, 52.160, -10.0000, 62.1598, 0.0000 
50.00, 50.50, -0.50, 52.132, -10.0000, 62.1320, 0.0000 
50.00, 50.50, -0.50, 52.104, -10.0000, 62.1043, 0.0000 
50.00, 50.50, -0.50, 52.077, -10.0000, 62.0765, 0.0000 
50.00, 50.00, 0.00, 63.578, 0.0000, 62.0765, 1.5015 
50.00, 50.50, -0.50, 50.547, -10.0000, 62.0488, -1.5015 
50.00, 50.50, -0.50, 52.021, -10.0000, 62.0210, 0.0000 
50.00, 50.50, -0.50, 51.993, -10.0000, 61.9933, 0.0000 
50.00, 50.50, -0.50, 51.966, -10.0000, 61.9655, 0.0000 
50.00, 50.50, -0.50, 51.938, -10.0000, 61.9378, 0.0000 
50.00, 50.50, -0.50, 51.910, -10.0000, 61.9100, 0.0000 
50.00, 50.50, -0.50, 51.882, -10.0000, 61.8823, 0.0000 
50.00, 50.50, -0.50, 51.855, -10.0000, 61.8545, 0.0000 
50.00, 50.00, 0.00, 63.356, 0.0000, 61.8545, 1.5015 
50.00, 50.00, 0.00, 61.855, 0.0000, 61.8545, 0.0000 
50.00, 50.50, -0.50, 50.325, -10.0000, 61.8268, -1.5015 
50.00, 50.00, 0.00, 63.328, 0.0000, 61.8268, 1.5015 
50.00, 50.00, 0.00, 61.827, 0.0000, 61.8268, 0.0000 
50.00, 50.00, 0.00, 61.827, 0.0000, 61.8268, 0.0000 
50.00, 50.00, 0.00, 61.827, 0.0000, 61.8268, 0.0000 
50.00, 50.50, -0.50, 50.298, -10.0000, 61.7990, -1.5015 
50.00, 50.50, -0.50, 51.771, -10.0000, 61.7713, 0.0000 
50.00, 50.50, -0.50, 51.744, -10.0000, 61.7435, 0.0000 
50.00, 50.50, -0.50, 51.716, -10.0000, 61.7158, 0.0000 
50.00, 50.50, -0.50, 51.688, -10.0000, 61.6880, 0.0000 
50.00, 50.50, -0.50, 51.660, -10.0000, 61.6603, 0.0000 
50.00, 50.50, -0.50, 51.633, -10.0000, 61.6325, 0.0000 
50.00, 50.50, -0.50, 51.605, -10.0000, 61.6048, 0.0000 
50.00, 50.50, -0.50, 51.577, -10.0000, 61.5770, 0.0000 
50.00, 50.50, -0.50, 51.549, -10.0000, 61.5493, 0.0000 
50.00, 50.00, 0.00, 63.051, 0.0000, 61.5493, 1.5015 
50.00, 50.00, 0.00, 61.549, 0.0000, 61.5493, 0.0000 
50.00, 50.00, 0.00, 61.549, 0.0000, 61.5493, 0.0000 
50.00, 50.00, 0.00, 61.549, 0.0000, 61.5493, 0.0000 
50.00, 50.00, 0.00, 61.549, 0.0000, 61.5493, 0.0000 
50.00, 50.00, 0.00, 61.549, 0.0000, 61.5493, 0.0000 
50.00, 50.50, -0.50, 50.020, -10.0000, 61.5215, -1.5015 
50.00, 50.50, -0.50, 51.494, -10.0000, 61.4938, 0.0000 
50.00, 50.50, -0.50, 51.466, -10.0000, 61.4660, 0.0000 
50.00, 50.50, -0.50, 51.438, -10.0000, 61.4383, 0.0000 
50.00, 50.50, -0.50, 51.411, -10.0000, 61.4105, 0.0000 
50.00, 50.50, -0.50, 51.383, -10.0000, 61.3828, 0.0000 
50.00, 50.00, 0.00, 62.884, 0.0000, 61.3828, 1.5015 
50.00, 50.50, -0.50, 49.854, -10.0000, 61.3550, -1.5015 
50.00, 50.00, 0.00, 62.857, 0.0000, 61.3550, 1.5015 
50.00, 50.50, -0.50, 49.826, -10.0000, 61.3273, -1.5015 
50.00, 50.50, -0.50, 51.300, -10.0000, 61.2995, 0.0000 
50.00, 50.50, -0.50, 51.272, -10.0000, 61.2718, 0.0000 
50.00, 50.50, -0.50, 51.244, -10.0000, 61.2440, 0.0000 
50.00, 50.50, -0.50, 51.216, -10.0000, 61.2163, 0.0000 
50.00, 50.00, 0.00, 62.718, 0.0000, 61.2163, 1.5015 
50.00, 50.00, 0.00, 61.216, 0.0000, 61.2163, 0.0000 
50.00, 50.00, 0.00, 61.216, 0.0000, 61.2163, 0.0000 
50.00, 50.50, -0.50, 49.687, -10.0000, 61.1885, -1.5015 
50.00, 50.50, -0.50, 51.161, -10.0000, 61.1608, 0.0000 
50.00, 50.50, -0.50, 51.133, -10.0000, 61.1330, 0.0000 
50.00, 50.50, -0.50, 51.105, -10.0000, 61.1053, 0.0000 
50.00, 50.50, -0.50, 51.077, -10.0000, 61.0775, 0.0000 
50.00, 50.50, -0.50, 51.050, -10.0000, 61.0498, 0.0000 
50.00, 50.00, 0.00, 62.551, 0.0000, 61.0498, 1.5015 
50.00, 50.50, -0.50, 49.520, -10.0000, 61.0220, -1.5015 
50.00, 50.50, -0.50, 50.994, -10.0000, 60.9942, 0.0000 
50.00, 50.50, -0.50, 50.966, -10.0000, 60.9665, 0.0000 
50.00, 50.00, 0.00, 62.468, 0.0000, 60.9665, 1.5015 
50.00, 50.50, -0.50, 49.437, -10.0000, 60.9387, -1.5015 
50.00, 50.00, 0.00, 62.440, 0.0000, 60.9387, 1.5015 
50.00, 50.00, 0.00, 60.939, 0.0000, 60.9387, 0.0000 
50.00, 50.50, -0.50, 49.409, -10.0000, 60.9110, -1.5015 
50.00, 50.00, 0.00, 62.412, 0.0000, 60.9110, 1.5015 
50.00, 50.00, 0.00, 60.911, 0.0000, 60.9110, 0.0000 
50.00, 50.00, 0.00, 60.911, 0.0000, 60.9110, 0.0000 
50.00, 50.00, 0.00, 60.911, 0.0000, 60.9110, 0.0000 
50.00, 50.00, 0.00, 60.911, 0.0000, 60.9110, 0.0000 
50.00, 50.00, 0.00, 60.911, 0.0000, 60.9110, 0.0000 
50.00, 50.50, -0.50, 49.382, -10.0000, 60.8832, -1.5015 
50.00, 50.00, 0.00, 62.385, 0.0000, 60.8832, 1.5015 
50.00, 50.50, -0.50, 49.354, -10.0000, 60.8555, -1.5015 
50.00, 50.50, -0.50, 50.828, -10.0000, 60.8277, 0.0000 
50.00, 50.50, -0.50, 50.800, -10.0000, 60.8000, 0.0000 
50.00, 50.50, -0.50, 50.772, -10.0000, 60.7722, 0.0000 
50.00, 50.50, -0.50, 50.744, -10.0000, 60.7445, 0.0000 
50.00, 50.50, -0.50, 50.717, -10.0000, 60.7167, 0.0000 
50.00, 50.50, -0.50, 50.689, -10.0000, 60.6890, 0.0000 
50.00, 50.50, -0.50, 50.661, -10.0000, 60.6612, 0.0000 
50.00, 50.50, -0.50, 50.633, -10.0000, 60.6335, 0.0000 
50.00, 50.50, -0.50, 50.606, -10.0000, 60.6057, 0.0000 
50.00, 50.50, -0.50, 50.578, -10.0000, 60.5780, 0.0000 
50.00, 50.50, -0.50, 50.550, -10.0000, 60.5502, 0.0000 
50.00, 50.50, -0.50, 50.522, -10.0000, 60.5225, 0.0000 
50.00, 50.50, -0.50, 50.495, -10.0000, 60.4947, 0.0000 
50.00, 50.00, 0.00, 61.996, 0.0000, 60.4947, 1.5015 
50.00, 50.00, 0.00, 60.495, 0.0000, 60.4947, 0.0000 
50.00, 50.00, 0.00, 60.495, 0.0000, 60.4947, 0.0000 
50.00, 50.00, 0.00, 60.495, 0.0000, 60.4947, 0.0000 
50.00, 50.00, 0.00, 60.495, 0.0000, 60.4947, 0.0000 
50.00, 50.00, 0.00, 60.495, 0.0000, 60.4947, 0.0000 
50.00, 50.00, 0.00, 60.495, 0.0000, 60.4947, 0.0000 
50.00, 50.00, 0.00, 60.495, 0.0000, 60.4947, 0.0000 
50.00, 50.00, 0.00, 60.495, 0.0000, 60.4947, 0.0000 
50.00, 50.00, 0.00, 60.495, 0.0000, 60.4947, 0.0000 
50.00, 50.00, 0.00, 60.495, 0.0000, 60.4947, 0.0000 
50.00, 50.00, 0.00, 60.495, 0.0000, 60.4947, 0.0000 
50.00, 50.00, 0.00, 60.495, 0.0000, 60.4947, 0.0000 
50.00, 50.50, -0.50, 48.965, -10.0000, 60.4670, -1.5015 
50.00, 50.50, -0.50, 50.439, -10.0000, 60.4392, 0.0000 
50.00, 50.50, -0.50, 50.411, -10.0000, 60.4115, 0.0000 
50.00, 50.50, -0.50, 50.384, -10.0000, 60.3837, 0.0000 
50.00, 50.50, -0.50, 50.356, -10.0000, 60.3560, 0.0000 
50.00, 50.50, -0.50, 50.328, -10.0000, 60.3282, 0.0000 
50.00, 50.50, -0.50, 50.300, -10.0000, 60.3005, 0.0000 
50.00, 50.50, -0.50, 50.273, -10.0000, 60.2727, 0.0000 
50.00, 50.50, -0.50, 50.245, -10.0000, 60.2450, 0.0000 
50.00, 50.50, -0.50, 50.217, -10.0000, 60.2172, 0.0000 
50.00, 50.50, -0.50, 50.189, -10.0000, 60.1895, 0.0000 
50.00, 50.50, -0.50, 50.162, -10.0000, 60.1617, 0.0000 
50.00, 50.50, -0.50, 50.134, -10.0000, 60.1340, 0.0000 
50.00, 50.00, 0.00, 61.635, 0.0000, 60.1340, 1.5015 
50.00, 50.00, 0.00, 60.134, 0.0000, 60.1340, 0.0000 
50.00, 50.00, 0.00, 60.134, 0.0000, 60.1340, 0.0000 
50.00, 50.00, 0.00, 60.134, 0.0000, 60.1340, 0.0000 
50.00, 50.00, 0.00, 60.134, 0.0000, 60.1340, 0.0000 
50.00, 50.00, 0.00, 60.134, 0.0000, 60.1340, 0.0000 
50.00, 50.00, 0.00, 60.134, 0.0000, 60.1340, 0.0000 
50.00, 50.50, -0.50, 48.605, -10.0000, 60.1062, -1.5015 
50.00, 50.50, -0.50, 50.078, -10.0000, 60.0785, 0.0000 
50.00, 50.50, -0.50, 50.051, -10.0000, 60.0507, 0.0000 
50.00, 50.50, -0.50, 50.023, -10.0000, 60.0230, 0.0000 
50.00, 50.50, -0.50, 49.995, -10.0000, 59.9952, 0.0000 
50.00, 50.50, -0.50, 49.967, -10.0000, 59.9675, 0.0000 
50.00, 50.50, -0.50, 49.940, -10.0000, 59.9397, 0.0000 
50.00, 50.50, -0.50, 49.912, -10.0000, 59.9120, 0.0000 
50.00, 50.50, -0.50, 49.884, -10.0000, 59.8842, 0.0000 
50.00, 50.50, -0.50, 49.856, -10.0000, 59.8565, 0.0000 
50.00, 50.50, -0.50, 49.829, -10.0000, 59.8287, 0.0000 
50.00, 50.50, -0.50, 49.801, -10.0000, 59.8010, 0.0000 
50.00, 50.00, 0.00, 61.302, 0.0000, 59.8010, 1.5015 
50.00, 50.00, 0.00, 59.801, 0.0000, 59.8010, 0.0000 
50.00, 50.00, 0.00, 59.801, 0.0000, 59.8010, 0.0000 
50.00, 50.00, 0.00, 59.801, 0.0000, 59.8010, 0.0000 
50.00, 50.00, 0.00, 59.801, 0.0000, 59.8010, 0.0000 
50.00, 50.00, 0.00, 59.801, 0.0000, 59.8010, 0.0000 
50.00, 50.00, 0.00, 59.801, 0.0000, 59.8010, 0.0000 
50.00, 50.00, 0.00, 59.801, 0.0000, 59.8010, 0.0000 
50.00, 50.00, 0.00, 59.801, 0.0000, 59.8010, 0.0000 
50.00, 50.00, 0.00, 59.801, 0.0000, 59.8010, 0.0000 
50.00, 50.00, 0.00, 59.801, 0.0000, 59.8010, 0.0000 
50.00, 50.00, 0.00, 59.801, 0.0000, 59.8010, 0.0000 
50.00, 50.00, 0.00, 59.801, 0.0000, 59.8010, 0.0000 
50.00, 50.00, 0.00, 59.801, 0.0000, 59.8010, 0.0000 
50.00, 50.00, 0.00, 59.801, 0.0000, 59.8010, 0.0000 
50.00, 50.50, -0.50, 48.272, -10.0000, 59.7732, -1.5015 
50.00, 50.50, -0.50, 49.745, -10.0000, 59.7455, 0.0000 
50.00, 50.50, -0.50, 49.718, -10.0000, 59.7177, 0.0000 
50.00, 50.50, -0.50, 49.690, -10.0000, 59.6900, 0.0000 
50.00, 50.50, -0.50, 49.662, -10.0000, 59.6622, 0.0000 
50.00, 50.50, -0.50, 49.634, -10.0000, 59.6345, 0.0000 
50.00, 50.50, -0.50, 49.607, -10.0000, 59.6067, 0.0000 
50.00, 50.50, -0.50, 49.579, -10.0000, 59.5790, 0.0000 
50.00, 50.50, -0.50, 49.551, -10.0000, 59.5512, 0.0000 
50.00, 50.50, -0.50, 49.523, -10.0000, 59.5235, 0.0000 
50.00, 50.50, -0.50, 49.496, -10.0000, 59.4957, 0.0000 
50.00, 50.50, -0.50, 49.468, -10.0000, 59.4680, 0.0000 
50.00, 50.50, -0.50, 49.440, -10.0000, 59.4402, 0.0000 
50.00, 50.50, -0.50, 49.412, -10.0000, 59.4125, 0.0000 
50.00, 50.00, 0.00, 60.914, 0.0000, 59.4125, 1.5015 
50.00, 50.50, -0.50, 47.883, -10.0000, 59.3847, -1.5015 
50.00, 50.50, -0.50, 49.357, -10.0000, 59.3570, 0.0000 
50.00, 50.00, 0.00, 60.858, 0.0000, 59.3570, 1.5015 
50.00, 50.00, 0.00, 59.357, 0.0000, 59.3570, 0.0000 
50.00, 50.00, 0.00, 59.357, 0.0000, 59.3570, 0.0000 
50.00, 50.00, 0.00, 59.357, 0.0000, 59.3570, 0.0000 
50.00, 50.00, 0.00, 59.357, 0.0000, 59.3570, 0.0000 
50.00, 50.00, 0.00, 59.357, 0.0000, 59.3570, 0.0000 
50.00, 50.00, 0.00, 59.357, 0.0000, 59.3570, 0.0000 
50.00, 50.00, 0.00, 59.357, 0.0000, 59.3570, 0.0000 
50.00, 50.50, -0.50, 47.828, -10.0000, 59.3292, -1.5015 
50.00, 50.50, -0.50, 49.301, -10.0000, 59.3015, 0.0000 
50.00, 50.50, -0.50, 49.274, -10.0000, 59.2737, 0.0000 
50.00, 50.50, -0.50, 49.246, -10.0000, 59.2460, 0.0000 
50.00, 50.50, -0.50, 49.218, -10.0000, 59.2182, 0.0000 
50.00, 50.50, -0.50, 49.190, -10.0000, 59.1905, 0.0000 
50.00, 50.50, -0.50, 49.163, -10.0000, 59.1627, 0.0000 
50.00, 50.50, -0.50, 49.135, -10.0000, 59.1350, 0.0000 
50.00, 50.50, -0.50, 49.107, -10.0000, 59.1072, 0.0000 
50.00, 50.50, -0.50, 49.079, -10.0000, 59.0795, 0.0000 
50.00, 50.00, 0.00, 60.581, 0.0000, 59.0795, 1.5015 
50.00, 50.00, 0.00, 59.079, 0.0000, 59.0795, 0.0000 
50.00, 50.00, 0.00, 59.079, 0.0000, 59.0795, 0.0000 
50.00, 50.00, 0.00, 59.079, 0.0000, 59.0795, 0.0000 
50.00, 50.00, 0.00, 59.079, 0.0000, 59.0795, 0.0000 
50.00, 50.00, 0.00, 59.079, 0.0000, 59.0795, 0.0000 
50.00, 50.00, 0.00, 59.079, 0.0000, 59.0795, 0.0000 
50.00, 50.00, 0.00, 59.079, 0.0000, 59.0795, 0.0000 
50.00, 50.50, -0.50, 47.550, -10.0000, 59.0517, -1.5015 
50.00, 50.50, -0.50, 49.024, -10.0000, 59.0240, 0.0000 
50.00, 50.50, -0.50, 48.996, -10.0000, 58.9962, 0.0000 
50.00, 50.50, -0.50, 48.968, -10.0000, 58.9685, 0.0000 
50.00, 50.50, -0.50, 48.941, -10.0000, 58.9407, 0.0000 
50.00, 50.50, -0.50, 48.913, -10.0000, 58.9129, 0.0000 
50.00, 50.50, -0.50, 48.885, -10.0000, 58.8852, 0.0000 
50.00, 50.50, -0.50, 48.857, -10.0000, 58.8574, 0.0000 
50.00, 50.00, 0.00, 60.359, 0.0000, 58.8574, 1.5015 
50.00, 50.50, -0.50, 47.328, -10.0000, 58.8297, -1.5015 
50.00, 50.00, 0.00, 60.331, 0.0000, 58.8297, 1.5015 
50.00, 50.00, 0.00, 58.830, 0.0000, 58.8297, 0.0000 
50.00, 50.00, 0.00, 58.830, 0.0000, 58.8297, 0.0000 
50.00, 50.00, 0.00, 58.830, 0.0000, 58.8297, 0.0000 
50.00, 50.00, 0.00, 58.830, 0.0000, 58.8297, 0.0000 
50.00, 50.00, 0.00, 58.830, 0.0000, 58.8297, 0.0000 
50.00, 50.50, -0.50, 47.300, -10.0000, 58.8019, -1.5015 
50.00, 50.00, 0.00, 60.303, 0.0000, 58.8019, 1.5015 
50.00, 50.00, 0.00, 58.802, 0.0000, 58.8019, 0.0000 
50.00, 50.50, -0.50, 47.273, -10.0000, 58.7742, -1.5015 
50.00, 50.50, -0.50, 48.746, -10.0000, 58.7464, 0.0000 
50.00, 50.50, -0.50, 48.719, -10.0000, 58.7187, 0.0000 
50.00, 50.50, -0.50, 48.691, -10.0000, 58.6909, 0.0000 
50.00, 50.50, -0.50, 48.663, -10.0000, 58.6632, 0.0000 
50.00, 50.50, -0.50, 48.635, -10.0000, 58.6354, 0.0000 
50.00, 50.00, 0.00, 60.137, 0.0000, 58.6354, 1.5015 
50.00, 50.50, -0.50, 47.106, -10.0000, 58.6077, -1.5015 
50.00, 50.50, -0.50, 48.580, -10.0000, 58.5799, 0.0000 
50.00, 50.00, 0.00, 60.081, 0.0000, 58.5799, 1.5015 
50.00, 50.00, 0.00, 58.580, 0.0000, 58.5799, 0.0000 
50.00, 50.00, 0.00, 58.580, 0.0000, 58.5799, 0.0000 
50.00, 50.00, 0.00, 58.580, 0.0000, 58.5799, 0.0000 
50.00, 50.00, 0.00, 58.580, 0.0000, 58.5799, 0.0000 
50.00, 50.00, 0.00, 58.580, 0.0000, 58.5799, 0.0000 
50.00, 50.00, 0.00, 58.580, 0.0000, 58.5799, 0.0000 
50.00, 50.00, 0.00, 58.580, 0.0000, 58.5799, 0.0000 
50.00, 50.00, 0.00, 58.580, 0.0000, 58.5799, 0.0000 
50.00, 50.50, -0.50, 47.051, -10.0000, 58.5522, -1.5015 
50.00, 50.00, 0.00, 60.054, 0.0000, 58.5522, 1.5015 
50.00, 50.50, -0.50, 47.023, -10.0000, 58.5244, -1.5015 
50.00, 50.50, -0.50, 48.497, -10.0000, 58.4967, 0.0000 
50.00, 50.50, -0.50, 48.469, -10.0000, 58.4689, 0.0000 
50.00, 50.50, -0.50, 48.441, -10.0000, 58.4412, 0.0000 
50.00, 50.50, -0.50, 48.413, -10.0000, 58.4134, 0.0000 
50.00, 50.50, -0.50, 48.386, -10.0000, 58.3857, 0.0000 
50.00, 50.50, -0.50, 48.358, -10.0000, 58.3579, 0.0000 
50.00, 50.50, -0.50, 48.330, -10.0000, 58.3302, 0.0000 
50.00, 50.50, -0.50, 48.302, -10.0000, 58.3024, 0.0000 
50.00, 50.50, -0.50, 48.275, -10.0000, 58.2747, 0.0000 
50.00, 50.50, -0.50, 48.247, -10.0000, 58.2469, 0.0000 
50.00, 50.00, 0.00, 59.748, 0.0000, 58.2469, 1.5015 
50.00, 50.50, -0.50, 46.718, -10.0000, 58.2192, -1.5015 
50.00, 50.50, -0.50, 48.191, -10.0000, 58.1914, 0.0000 
50.00, 50.00, 0.00, 59.693, 0.0000, 58.1914, 1.5015 
50.00, 50.00, 0.00, 58.191, 0.0000, 58.1914, 0.0000 
50.00, 50.00, 0.00, 58.191, 0.0000, 58.1914, 0.0000 
50.00, 50.00, 0.00, 58.191, 0.0000, 58.1914, 0.0000 
50.00, 50.00, 0.00, 58.191, 0.0000, 58.1914, 0.0000 
50.00, 50.00, 0.00, 58.191, 0.0000, 58.1914, 0.0000 
50.00, 50.00, 0.00, 58.191, 0.0000, 58.1914, 0.0000 
50.00, 50.00, 0.00, 58.191, 0.0000, 58.1914, 0.0000 
50.00, 50.00, 0.00, 58.191, 0.0000, 58.1914, 0.0000 
50.00, 50.50, -0.50, 46.662, -10.0000, 58.1637, -1.5015 
50.00, 50.50, -0.50, 48.136, -10.0000, 58.1359, 0.0000 
50.00, 50.50, -0.50, 48.108, -10.0000, 58.1082, 0.0000 
50.00, 50.50, -0.50, 48.080, -10.0000, 58.0804, 0.0000 
50.00, 50.50, -0.50, 48.053, -10.0000, 58.0527, 0.0000 
50.00, 50.50, -0.50, 48.025, -10.0000, 58.0249, 0.0000 
50.00, 50.00, 0.00, 59.526, 0.0000, 58.0249, 1.5015 
50.00, 50.50, -0.50, 46.496, -10.0000, 57.9972, -1.5015 
50.00, 50.00, 0.00, 59.499, 0.0000, 57.9972, 1.5015 
50.00, 50.00, 0.00, 57.997, 0.0000, 57.9972, 0.0000 
50.00, 50.00, 0.00, 57.997, 0.0000, 57.9972, 0.0000 
50.00, 50.00, 0.00, 57.997, 0.0000, 57.9972, 0.0000 
50.00, 50.50, -0.50, 46.468, -10.0000, 57.9694, -1.5015 
50.00, 50.50, -0.50, 47.942, -10.0000, 57.9417, 0.0000 
50.00, 50.00, 0.00, 59.443, 0.0000, 57.9417, 1.5015 
50.00, 50.00, 0.00, 57.942, 0.0000, 57.9417, 0.0000 
50.00, 50.50, -0.50, 46.412, -10.0000, 57.9139, -1.5015 
50.00, 50.50, -0.50, 47.886, -10.0000, 57.8862, 0.0000 
50.00, 50.00, 0.00, 59.388, 0.0000, 57.8862, 1.5015 
50.00, 50.50, -0.50, 46.357, -10.0000, 57.8584, -1.5015 
50.00, 50.50, -0.50, 47.831, -10.0000, 57.8307, 0.0000 
50.00, 50.00, 0.00, 59.332, 0.0000, 57.8307, 1.5015 
50.00, 50.00, 0.00, 57.831, 0.0000, 57.8307, 0.0000 
50.00, 50.00, 0.00, 57.831, 0.0000, 57.8307, 0.0000 
50.00, 50.50, -0.50, 46.301, -10.0000, 57.8029, -1.5015 
50.00, 50.50, -0.50, 47.775, -10.0000, 57.7752, 0.0000 
50.00, 50.50, -0.50, 47.747, -10.0000, 57.7474, 0.0000 
50.00, 50.50, -0.50, 47.720, -10.0000, 57.7197, 0.0000 
50.00, 50.50, -0.50, 47.692, -10.0000, 57.6919, 0.0000 
50.00, 50.50, -0.50, 47.664, -10.0000, 57.6642, 0.0000 
50.00, 50.50, -0.50, 47.636, -10.0000, 57.6364, 0.0000 
50.00, 50.00, 0.00, 59.138, 0.0000, 57.6364, 1.5015 
50.00, 50.00, 0.00, 57.636, 0.0000, 57.6364, 0.0000 
50.00, 50.00, 0.00, 57.636, 0.0000, 57.6364, 0.0000 
50.00, 50.00, 0.00, 57.636, 0.0000, 57.6364, 0.0000 
50.00, 50.00, 0.00, 57.636, 0.0000, 57.6364, 0.0000 
50.00, 50.00, 0.00, 57.636, 0.0000, 57.6364, 0.0000 
50.00, 50.00, 0.00, 57.636, 0.0000, 57.6364, 0.0000 
50.00, 50.00, 0.00, 57.636, 0.0000, 57.6364, 0.0000 
50.00, 50.50, -0.50, 46.107, -10.0000, 57.6087, -1.5015 
50.00, 50.50, -0.50, 47.581, -10.0000, 57.5809, 0.0000 
50.00, 50.00, 0.00, 59.082, 0.0000, 57.5809, 1.5015 
50.00, 50.50, -0.50, 46.052, -10.0000, 57.5532, -1.5015 
50.00, 50.50, -0.50, 47.525, -10.0000, 57.5254, 0.0000 
50.00, 50.50, -0.50, 47.498, -10.0000, 57.4977, 0.0000 
50.00, 50.50, -0.50, 47.470, -10.0000, 57.4699, 0.0000 
50.00, 50.50, -0.50, 47.442, -10.0000, 57.4422, 0.0000 
50.00, 50.00, 0.00, 58.944, 0.0000, 57.4422, 1.5015 
50.00, 50.00, 0.00, 57.442, 0.0000, 57.4422, 0.0000 
50.00, 50.00, 0.00, 57.442, 0.0000, 57.4422, 0.0000 
50.00, 50.00, 0.00, 57.442, 0.0000, 57.4422, 0.0000 
50.00, 50.00, 0.00, 57.442, 0.0000, 57.4422, 0.0000 
50.00, 50.00, 0.00, 57.442, 0.0000, 57.4422, 0.0000 
50.00, 50.00, 0.00, 57.442, 0.0000, 57.4422, 0.0000 
50.00, 50.00, 0.00, 57.442, 0.0000, 57.4422, 0.0000 
50.00, 50.00, 0.00, 57.442, 0.0000, 57.4422, 0.0000 
50.00, 50.00, 0.00, 57.442, 0.0000, 57.4422, 0.0000 
50.00, 50.50, -0.50, 45.913, -10.0000, 57.4144, -1.5015 
50.00, 50.50, -0.50, 47.387, -10.0000, 57.3867, 0.0000 
50.00, 50.50, -0.50, 47.359, -10.0000, 57.3589, 0.0000 
50.00, 50.50, -0.50, 47.331, -10.0000, 57.3312, 0.0000 
50.00, 50.50, -0.50, 47.303, -10.0000, 57.3034, 0.0000 
50.00, 50.50, -0.50, 47.276, -10.0000, 57.2757, 0.0000 
50.00, 50.50, -0.50, 47.248, -10.0000, 57.2479, 0.0000 
50.00, 50.50, -0.50, 47.220, -10.0000, 57.2202, 0.0000 
50.00, 50.50, -0.50, 47.192, -10.0000, 57.1924, 0.0000 
50.00, 50.50, -0.50, 47.165, -10.0000, 57.1647, 0.0000 
50.00, 50.00, 0.00, 58.666, 0.0000, 57.1647, 1.5015 
50.00, 50.00, 0.00, 57.165, 0.0000, 57.1647, 0.0000 
50.00, 50.00, 0.00, 57.165, 0.0000, 57.1647, 0.0000 
50.00, 50.00, 0.00, 57.165, 0.0000, 57.1647, 0.0000 
50.00, 50.00, 0.00, 57.165, 0.0000, 57.1647, 0.0000 
50.00, 50.00, 0.00, 57.165, 0.0000, 57.1647, 0.0000 
50.00, 50.50, -0.50, 45.635, -10.0000, 57.1369, -1.5015 
50.00, 50.50, -0.50, 47.109, -10.0000, 57.1092, 0.0000 
50.00, 50.00, 0.00, 58.611, 0.0000, 57.1092, 1.5015 
50.00, 50.50, -0.50, 45.580, -10.0000, 57.0814, -1.5015 
50.00, 50.00, 0.00, 58.583, 0.0000, 57.0814, 1.5015 
50.00, 50.00, 0.00, 57.081, 0.0000, 57.0814, 0.0000 
50.00, 50.00, 0.00, 57.081, 0.0000, 57.0814, 0.0000 
50.00, 50.50, -0.50, 45.552, -10.0000, 57.0537, -1.5015 
50.00, 50.50, -0.50, 47.026, -10.0000, 57.0259, 0.0000 
50.00, 50.00, 0.00, 58.527, 0.0000, 57.0259, 1.5015 
50.00, 50.50, -0.50, 45.497, -10.0000, 56.9982, -1.5015 
50.00, 50.50, -0.50, 46.970, -10.0000, 56.9704, 0.0000 
50.00, 50.00, 0.00, 58.472, 0.0000, 56.9704, 1.5015 
50.00, 50.00, 0.00, 56.970, 0.0000, 56.9704, 0.0000 
50.00, 50.00, 0.00, 56.970, 0.0000, 56.9704, 0.0000 
50.00, 50.00, 0.00, 56.970, 0.0000, 56.9704, 0.0000 
50.00, 50.00, 0.00, 56.970, 0.0000, 56.9704, 0.0000 
50.00, 50.00, 0.00, 56.970, 0.0000, 56.9704, 0.0000 
50.00, 50.00, 0.00, 56.970, 0.0000, 56.9704, 0.0000 
50.00, 50.00, 0.00, 56.970, 0.0000, 56.9704, 0.0000 
50.00, 50.00, 0.00, 56.970, 0.0000, 56.9704, 0.0000 
50.00, 50.00, 0.00, 56.970, 0.0000, 56.9704, 0.0000 
50.00, 50.50, -0.50, 45.441, -10.0000, 56.9427, -1.5015 
50.00, 50.50, -0.50, 46.915, -10.0000, 56.9149, 0.0000 
50.00, 50.50, -0.50, 46.887, -10.0000, 56.8872, 0.0000 
50.00, 50.50, -0.50, 46.859, -10.0000, 56.8594, 0.0000 
50.00, 50.50, -0.50, 46.832, -10.0000, 56.8316, 0.0000 
50.00, 50.50, -0.50, 46.804, -10.0000, 56.8039, 0.0000 
50.00, 50.00, 0.00, 58.305, 0.0000, 56.8039, 1.5015 
50.00, 50.50, -0.50, 45.275, -10.0000, 56.7761, -1.5015 
50.00, 50.00, 0.00, 58.278, 0.0000, 56.7761, 1.5015 
50.00, 50.00, 0.00, 56.776, 0.0000, 56.7761, 0.0000 
50.00, 50.00, 0.00, 56.776, 0.0000, 56.7761, 0.0000 
50.00, 50.00, 0.00, 56.776, 0.0000, 56.7761, 0.0000 
50.00, 50.00, 0.00, 56.776, 0.0000, 56.7761, 0.0000 
50.00, 50.00, 0.00, 56.776, 0.0000, 56.7761, 0.0000 
50.00, 50.00, 0.00, 56.776, 0.0000, 56.7761, 0.0000 
50.00, 50.00, 0.00, 56.776, 0.0000, 56.7761, 0.0000 
50.00, 50.50, -0.50, 45.247, -10.0000, 56.7484, -1.5015 
50.00, 50.00, 0.00, 58.250, 0.0000, 56.7484, 1.5015 
50.00, 50.50, -0.50, 45.219, -10.0000, 56.7206, -1.5015 
50.00, 50.50, -0.50, 46.693, -10.0000, 56.6929, 0.0000 
50.00, 50.00, 0.00, 58.194, 0.0000, 56.6929, 1.5015 
50.00, 50.50, -0.50, 45.164, -10.0000, 56.6651, -1.5015 
50.00, 50.50, -0.50, 46.637, -10.0000, 56.6374, 0.0000 
50.00, 50.50, -0.50, 46.610, -10.0000, 56.6096, 0.0000 
50.00, 50.50, -0.50, 46.582, -10.0000, 56.5819, 0.0000 
50.00, 50.50, -0.50, 46.554, -10.0000, 56.5541, 0.0000 
50.00, 50.00, 0.00, 58.056, 0.0000, 56.5541, 1.5015 
50.00, 50.00, 0.00, 56.554, 0.0000, 56.5541, 0.0000 
50.00, 50.00, 0.00, 56.554, 0.0000, 56.5541, 0.0000 
50.00, 50.00, 0.00, 56.554, 0.0000, 56.5541, 0.0000 
50.00, 50.00, 0.00, 56.554, 0.0000, 56.5541, 0.0000 
50.00, 50.00, 0.00, 56.554, 0.0000, 56.5541, 0.0000 
50.00, 50.00, 0.00, 56.554, 0.0000, 56.5541, 0.0000 
50.00, 50.00, 0.00, 56.554, 0.0000, 56.5541, 0.0000 
50.00, 50.00, 0.00, 56.554, 0.0000, 56.5541, 0.0000 
50.00, 50.00, 0.00, 56.554, 0.0000, 56.5541, 0.0000 
50.00, 50.00, 0.00, 56.554, 0.0000, 56.5541, 0.0000 
50.00, 50.50, -0.50, 45.025, -10.0000, 56.5264, -1.5015 
50.00, 50.50, -0.50, 46.499, -10.0000, 56.4986, 0.0000 
50.00, 50.50, -0.50, 46.471, -10.0000, 56.4709, 0.0000 
50.00, 50.50, -0.50, 46.443, -10.0000, 56.4431, 0.0000 
50.00, 50.50, -0.50, 46.415, -10.0000, 56.4154, 0.0000 
50.00, 50.50, -0.50, 46.388, -10.0000, 56.3876, 0.0000 
50.00, 50.50, -0.50, 46.360, -10.0000, 56.3599, 0.0000 
50.00, 50.50, -0.50, 46.332, -10.0000, 56.3321, 0.0000 
50.00, 50.00, 0.00, 57.834, 0.0000, 56.3321, 1.5015 
50.00, 50.00, 0.00, 56.332, 0.0000, 56.3321, 0.0000 
50.00, 50.00, 0.00, 56.332, 0.0000, 56.3321, 0.0000 
50.00, 50.00, 0.00, 56.332, 0.0000, 56.3321, 0.0000 
50.00, 50.00, 0.00, 56.332, 0.0000, 56.3321, 0.0000 
50.00, 50.00, 0.00, 56.332, 0.0000, 56.3321, 0.0000 
50.00, 50.00, 0.00, 56.332, 0.0000, 56.3321, 0.0000 
50.00, 50.00, 0.00, 56.332, 0.0000, 56.3321, 0.0000 
50.00, 50.00, 0.00, 56.332, 0.0000, 56.3321, 0.0000 
50.00, 50.00, 0.00, 56.332, 0.0000, 56.3321, 0.0000 
50.00, 50.00, 0.00, 56.332, 0.0000, 56.3321, 0.0000 
50.00, 50.00, 0.00, 56.332, 0.0000, 56.3321, 0.0000 
50.00, 50.00, 0.00, 56.332, 0.0000, 56.3321, 0.0000 
50.00, 50.00, 0.00, 56.332, 0.0000, 56.3321, 0.0000 
50.00, 50.00, 0.00, 56.332, 0.0000, 56.3321, 0.0000 
50.00, 50.00, 0.00, 56.332, 0.0000, 56.3321, 0.0000 
50.00, 50.00, 0.00, 56.332, 0.0000, 56.3321, 0.0000 
50.00, 50.00, 0.00, 56.332, 0.0000, 56.3321, 0.0000 
50.00, 50.00, 0.00, 56.332, 0.0000, 56.3321, 0.0000 
50.00, 50.00, 0.00, 56.332, 0.0000, 56.3321, 0.0000 
50.00, 50.00, 0.00, 56.332, 0.0000, 56.3321, 0.0000 
50.00, 50.00, 0.00, 56.332, 0.0000, 56.3321, 0.0000 
50.00, 50.00, 0.00, 56.332, 0.0000, 56.3321, 0.0000 
50.00, 50.00, 0.00, 56.332, 0.0000, 56.3321, 0.0000 
50.00, 50.00, 0.00, 56.332, 0.0000, 56.3321, 0.0000 
50.00, 50.00, 0.00, 56.332, 0.0000, 56.3321, 0.0000 
50.00, 50.00, 0.00, 56.332, 0.0000, 56.3321, 0.0000 
50.00, 50.50, -0.50, 44.803, -10.0000, 56.3044, -1.5015 
50.00, 50.00, 0.00, 57.806, 0.0000, 56.3044, 1.5015 
50.00, 50.00, 0.00, 56.304, 0.0000, 56.3044, 0.0000 
50.00, 50.00, 0.00, 56.304, 0.0000, 56.3044, 0.0000 
50.00, 50.00, 0.00, 56.304, 0.0000, 56.3044, 0.0000 
50.00, 50.00, 0.00, 56.304, 0.0000, 56.3044, 0.0000 
50.00, 50.00, 0.00, 56.304, 0.0000, 56.3044, 0.0000 
50.00, 50.00, 0.00, 56.304, 0.0000, 56.3044, 0.0000 
50.00, 50.00, 0.00, 56.304, 0.0000, 56.3044, 0.0000 
50.00, 50.50, -0.50, 44.775, -10.0000, 56.2766, -1.5015 
50.00, 50.50, -0.50, 46.249, -10.0000, 56.2489, 0.0000 
50.00, 50.50, -0.50, 46.221, -10.0000, 56.2211, 0.0000 
50.00, 50.50, -0.50, 46.193, -10.0000, 56.1934, 0.0000 
50.00, 50.50, -0.50, 46.166, -10.0000, 56.1656, 0.0000 
50.00, 50.50, -0.50, 46.138, -10.0000, 56.1379, 0.0000 
50.00, 50.50, -0.50, 46.110, -10.0000, 56.1101, 0.0000 
50.00, 50.50, -0.50, 46.082, -10.0000, 56.0824, 0.0000 
50.00, 50.50, -0.50, 46.055, -10.0000, 56.0546, 0.0000 
50.00, 50.50, -0.50, 46.027, -10.0000, 56.0269, 0.0000 
50.00, 50.00, 0.00, 57.528, 0.0000, 56.0269, 1.5015 
50.00, 50.00, 0.00, 56.027, 0.0000, 56.0269, 0.0000 
50.00, 50.00, 0.00, 56.027, 0.0000, 56.0269, 0.0000 
50.00, 50.00, 0.00, 56.027, 0.0000, 56.0269, 0.0000 
50.00, 50.00, 0.00, 56.027, 0.0000, 56.0269, 0.0000 
50.00, 50.00, 0.00, 56.027, 0.0000, 56.0269, 0.0000 
50.00, 50.00, 0.00, 56.027, 0.0000, 56.0269, 0.0000 
50.00, 50.00, 0.00, 56.027, 0.0000, 56.0269, 0.0000 
50.00, 50.00, 0.00, 56.027, 0.0000, 56.0269, 0.0000 
50.00, 50.00, 0.00, 56.027, 0.0000, 56.0269, 0.0000 
50.00, 50.00, 0.00, 56.027, 0.0000, 56.0269, 0.0000 
50.00, 50.00, 0.00, 56.027, 0.0000, 56.0269, 0.0000 
50.00, 50.50, -0.50, 44.498, -10.0000, 55.9991, -1.5015 
50.00, 50.50, -0.50, 45.971, -10.0000, 55.9714, 0.0000 
50.00, 50.50, -0.50, 45.944, -10.0000, 55.9436, 0.0000 
50.00, 50.50, -0.50, 45.916, -10.0000, 55.9159, 0.0000 
50.00, 50.50, -0.50, 45.888, -10.0000, 55.8881, 0.0000 
50.00, 50.50, -0.50, 45.860, -10.0000, 55.8604, 0.0000 
50.00, 50.00, 0.00, 57.362, 0.0000, 55.8604, 1.5015 
50.00, 50.00, 0.00, 55.860, 0.0000, 55.8604, 0.0000 
50.00, 50.00, 0.00, 55.860, 0.0000, 55.8604, 0.0000 
50.00, 50.00, 0.00, 55.860, 0.0000, 55.8604, 0.0000 
50.00, 50.00, 0.00, 55.860, 0.0000, 55.8604, 0.0000 
50.00, 50.00, 0.00, 55.860, 0.0000, 55.8604, 0.0000 
50.00, 50.00, 0.00, 55.860, 0.0000, 55.8604, 0.0000 
50.00, 50.00, 0.00, 55.860, 0.0000, 55.8604, 0.0000 
50.00, 50.00, 0.00, 55.860, 0.0000, 55.8604, 0.0000 
50.00, 50.00, 0.00, 55.860, 0.0000, 55.8604, 0.0000 
50.00, 50.00, 0.00, 55.860, 0.0000, 55.8604, 0.0000 
50.00, 50.00, 0.00, 55.860, 0.0000, 55.8604, 0.0000 
50.00, 50.00, 0.00, 55.860, 0.0000, 55.8604, 0.0000 
50.00, 50.00, 0.00, 55.860, 0.0000, 55.8604, 0.0000 
50.00, 50.00, 0.00, 55.860, 0.0000, 55.8604, 0.0000 
50.00, 50.00, 0.00, 55.860, 0.0000, 55.8604, 0.0000 
50.00, 50.50, -0.50, 44.331, -10.0000, 55.8326, -1.5015 
50.00, 50.00, 0.00, 57.334, 0.0000, 55.8326, 1.5015 
50.00, 50.50, -0.50, 44.303, -10.0000, 55.8049, -1.5015 
50.00, 50.50, -0.50, 45.777, -10.0000, 55.7771, 0.0000 
50.00, 50.50, -0.50, 45.749, -10.0000, 55.7494, 0.0000 
50.00, 50.50, -0.50, 45.722, -10.0000, 55.7216, 0.0000 
50.00, 50.00, 0.00, 57.223, 0.0000, 55.7216, 1.5015 
50.00, 50.00, 0.00, 55.722, 0.0000, 55.7216, 0.0000 
50.00, 50.00, 0.00, 55.722, 0.0000, 55.7216, 0.0000 
50.00, 50.00, 0.00, 55.722, 0.0000, 55.7216, 0.0000 
50.00, 50.00, 0.00, 55.722, 0.0000, 55.7216, 0.0000 
50.00, 50.00, 0.00, 55.722, 0.0000, 55.7216, 0.0000 
50.00, 50.00, 0.00, 55.722, 0.0000, 55.7216, 0.0000 
50.00, 50.00, 0.00, 55.722, 0.0000, 55.7216, 0.0000 
50.00, 50.00, 0.00, 55.722, 0.0000, 55.7216, 0.0000 
50.00, 50.00, 0.00, 55.722, 0.0000, 55.7216, 0.0000 
50.00, 50.00, 0.00, 55.722, 0.0000, 55.7216, 0.0000 
50.00, 50.00, 0.00, 55.722, 0.0000, 55.7216, 0.0000 
50.00, 50.00, 0.00, 55.722, 0.0000, 55.7216, 0.0000 
50.00, 50.00, 0.00, 55.722, 0.0000, 55.7216, 0.0000 
50.00, 50.00, 0.00, 55.722, 0.0000, 55.7216, 0.0000 
50.00, 50.00, 0.00, 55.722, 0.0000, 55.7216, 0.0000 
50.00, 50.50, -0.50, 44.192, -10.0000, 55.6939, -1.5015 
50.00, 50.00, 0.00, 57.195, 0.0000, 55.6939, 1.5015 
50.00, 50.50, -0.50, 44.165, -10.0000, 55.6661, -1.5015 
50.00, 50.50, -0.50, 45.638, -10.0000, 55.6384, 0.0000 
50.00, 50.00, 0.00, 57.140, 0.0000, 55.6384, 1.5015 
50.00, 50.50, -0.50, 44.109, -10.0000, 55.6106, -1.5015 
50.00, 50.00, 0.00, 57.112, 0.0000, 55.6106, 1.5015 
50.00, 50.00, 0.00, 55.611, 0.0000, 55.6106, 0.0000 
50.00, 50.00, 0.00, 55.611, 0.0000, 55.6106, 0.0000 
50.00, 50.00, 0.00, 55.611, 0.0000, 55.6106, 0.0000 
50.00, 50.00, 0.00, 55.611, 0.0000, 55.6106, 0.0000 
50.00, 50.00, 0.00, 55.611, 0.0000, 55.6106, 0.0000 
50.00, 50.00, 0.00, 55.611, 0.0000, 55.6106, 0.0000 
50.00, 50.00, 0.00, 55.611, 0.0000, 55.6106, 0.0000 
50.00, 50.00, 0.00, 55.611, 0.0000, 55.6106, 0.0000 
50.00, 50.00, 0.00, 55.611, 0.0000, 55.6106, 0.0000 
50.00, 50.00, 0.00, 55.611, 0.0000, 55.6106, 0.0000 
50.00, 50.50, -0.50, 44.081, -10.0000, 55.5829, -1.5015 
50.00, 50.50, -0.50, 45.555, -10.0000, 55.5551, 0.0000 
50.00, 50.50, -0.50, 45.527, -10.0000, 55.5274, 0.0000 
50.00, 50.50, -0.50, 45.500, -10.0000, 55.4996, 0.0000 
50.00, 50.50, -0.50, 45.472, -10.0000, 55.4719, 0.0000 
50.00, 50.50, -0.50, 45.444, -10.0000, 55.4441, 0.0000 
50.00, 50.00, 0.00, 56.946, 0.0000, 55.4441, 1.5015 
50.00, 50.00, 0.00, 55.444, 0.0000, 55.4441, 0.0000 
50.00, 50.00, 0.00, 55.444, 0.0000, 55.4441, 0.0000 
50.00, 50.00, 0.00, 55.444, 0.0000, 55.4441, 0.0000 
50.00, 50.00, 0.00, 55.444, 0.0000, 55.4441, 0.0000 
50.00, 50.00, 0.00, 55.444, 0.0000, 55.4441, 0.0000 
50.00, 50.00, 0.00, 55.444, 0.0000, 55.4441, 0.0000 
50.00, 50.00, 0.00, 55.444, 0.0000, 55.4441, 0.0000 
50.00, 50.00, 0.00, 55.444, 0.0000, 55.4441, 0.0000 
50.00, 50.50, -0.50, 43.915, -10.0000, 55.4164, -1.5015 
50.00, 50.00, 0.00, 56.918, 0.0000, 55.4164, 1.5015 
50.00, 50.00, 0.00, 55.416, 0.0000, 55.4164, 0.0000 
50.00, 50.00, 0.00, 55.416, 0.0000, 55.4164, 0.0000 
50.00, 50.00, 0.00, 55.416, 0.0000, 55.4164, 0.0000 
50.00, 50.00, 0.00, 55.416, 0.0000, 55.4164, 0.0000 
50.00, 50.00, 0.00, 55.416, 0.0000, 55.4164, 0.0000 
50.00, 50.00, 0.00, 55.416, 0.0000, 55.4164, 0.0000 
50.00, 50.00, 0.00, 55.416, 0.0000, 55.4164, 0.0000 
50.00, 50.50, -0.50, 43.887, -10.0000, 55.3886, -1.5015 
50.00, 50.50, -0.50, 45.361, -10.0000, 55.3609, 0.0000 
50.00, 50.00, 0.00, 56.862, 0.0000, 55.3609, 1.5015 
50.00, 50.00, 0.00, 55.361, 0.0000, 55.3609, 0.0000 
50.00, 50.50, -0.50, 43.832, -10.0000, 55.3331, -1.5015 
50.00, 50.00, 0.00, 56.835, 0.0000, 55.3331, 1.5015 
50.00, 50.00, 0.00, 55.333, 0.0000, 55.3331, 0.0000 
50.00, 50.00, 0.00, 55.333, 0.0000, 55.3331, 0.0000 
50.00, 50.00, 0.00, 55.333, 0.0000, 55.3331, 0.0000 
50.00, 50.00, 0.00, 55.333, 0.0000, 55.3331, 0.0000 
50.00, 50.50, -0.50, 43.804, -10.0000, 55.3054, -1.5015 
50.00, 50.00, 0.00, 56.807, 0.0000, 55.3054, 1.5015 
50.00, 50.00, 0.00, 55.305, 0.0000, 55.3054, 0.0000 
50.00, 50.50, -0.50, 43.776, -10.0000, 55.2776, -1.5015 
50.00, 50.00, 0.00, 56.779, 0.0000, 55.2776, 1.5015 
50.00, 50.00, 0.00, 55.278, 0.0000, 55.2776, 0.0000 
50.00, 50.00, 0.00, 55.278, 0.0000, 55.2776, 0.0000 
50.00, 50.50, -0.50, 43.748, -10.0000, 55.2499, -1.5015 
50.00, 50.50, -0.50, 45.222, -10.0000, 55.2221, 0.0000 
50.00, 50.50, -0.50, 45.194, -10.0000, 55.1944, 0.0000 
50.00, 50.00, 0.00, 56.696, 0.0000, 55.1944, 1.5015 
50.00, 50.00, 0.00, 55.194, 0.0000, 55.1944, 0.0000 
50.00, 50.00, 0.00, 55.194, 0.0000, 55.1944, 0.0000 
50.00, 50.00, 0.00, 55.194, 0.0000, 55.1944, 0.0000 
50.00, 50.00, 0.00, 55.194, 0.0000, 55.1944, 0.0000 
50.00, 50.00, 0.00, 55.194, 0.0000, 55.1944, 0.0000 
50.00, 50.00, 0.00, 55.194, 0.0000, 55.1944, 0.0000 
50.00, 50.50, -0.50, 43.665, -10.0000, 55.1666, -1.5015 
50.00, 50.00, 0.00, 56.668, 0.0000, 55.1666, 1.5015 
50.00, 50.00, 0.00, 55.167, 0.0000, 55.1666, 0.0000 
50.00, 50.00, 0.00, 55.167, 0.0000, 55.1666, 0.0000 
50.00, 50.00, 0.00, 55.167, 0.0000, 55.1666, 0.0000 
50.00, 50.00, 0.00, 55.167, 0.0000, 55.1666, 0.0000 
50.00, 50.00, 0.00, 55.167, 0.0000, 55.1666, 0.0000 
50.00, 50.00, 0.00, 55.167, 0.0000, 55.1666, 0.0000 
50.00, 50.00, 0.00, 55.167, 0.0000, 55.1666, 0.0000 
50.00, 50.00, 0.00, 55.167, 0.0000, 55.1666, 0.0000 
50.00, 50.00, 0.00, 55.167, 0.0000, 55.1666, 0.0000 
50.00, 50.00, 0.00, 55.167, 0.0000, 55.1666, 0.0000 
50.00, 50.50, -0.50, 43.637, -10.0000, 55.1389, -1.5015 
50.00, 50.50, -0.50, 45.111, -10.0000, 55.1111, 0.0000 
50.00, 50.50, -0.50, 45.083, -10.0000, 55.0834, 0.0000 
50.00, 50.50, -0.50, 45.056, -10.0000, 55.0556, 0.0000 
50.00, 50.50, -0.50, 45.028, -10.0000, 55.0279, 0.0000 
50.00, 50.00, 0.00, 56.529, 0.0000, 55.0279, 1.5015 
50.00, 50.00, 0.00, 55.028, 0.0000, 55.0279, 0.0000 
50.00, 50.00, 0.00, 55.028, 0.0000, 55.0279, 0.0000 
50.00, 50.00, 0.00, 55.028, 0.0000, 55.0279, 0.0000 
50.00, 50.00, 0.00, 55.028, 0.0000, 55.0279, 0.0000 
50.00, 50.00, 0.00, 55.028, 0.0000, 55.0279, 0.0000 
50.00, 50.00, 0.00, 55.028, 0.0000, 55.0279, 0.0000 
50.00, 50.00, 0.00, 55.028, 0.0000, 55.0279, 0.0000 
50.00, 50.00, 0.00, 55.028, 0.0000, 55.0279, 0.0000 
50.00, 50.00, 0.00, 55.028, 0.0000, 55.0279, 0.0000 
50.00, 50.00, 0.00, 55.028, 0.0000, 55.0279, 0.0000 
50.00, 50.00, 0.00, 55.028, 0.0000, 55.0279, 0.0000 
50.00, 50.00, 0.00, 55.028, 0.0000, 55.0279, 0.0000 
50.00, 50.00, 0.00, 55.028, 0.0000, 55.0279, 0.0000 
50.00, 50.00, 0.00, 55.028, 0.0000, 55.0279, 0.0000 
50.00, 50.00, 0.00, 55.028, 0.0000, 55.0279, 0.0000 
50.00, 50.00, 0.00, 55.028, 0.0000, 55.0279, 0.0000 
50.00, 50.00, 0.00, 55.028, 0.0000, 55.0279, 0.0000 
50.00, 50.00, 0.00, 55.028, 0.0000, 55.0279, 0.0000 
50.00, 50.00, 0.00, 55.028, 0.0000, 55.0279, 0.0000 
50.00, 50.00, 0.00, 55.028, 0.0000, 55.0279, 0.0000 
50.00, 50.00, 0.00, 55.028, 0.0000, 55.0279, 0.0000 
50.00, 50.00, 0.00, 55.028, 0.0000, 55.0279, 0.0000 
50.00, 50.00, 0.00, 55.028, 0.0000, 55.0279, 0.0000 
50.00, 50.00, 0.00, 55.028, 0.0000, 55.0279, 0.0000 
50.00, 50.00, 0.00, 55.028, 0.0000, 55.0279, 0.0000 
50.00, 50.00, 0.00, 55.028, 0.0000, 55.0279, 0.0000 
50.00, 50.00, 0.00, 55.028, 0.0000, 55.0279, 0.0000 
50.00, 50.00, 0.00, 55.028, 0.0000, 55.0279, 0.0000 
50.00, 50.00, 0.00, 55.028, 0.0000, 55.0279, 0.0000 
50.00, 50.00, 0.00, 55.028, 0.0000, 55.0279, 0.0000 
50.00, 50.00, 0.00, 55.028, 0.0000, 55.0279, 0.0000 
50.00, 50.00, 0.00, 55.028, 0.0000, 55.0279, 0.0000 
50.00, 50.00, 0.00, 55.028, 0.0000, 55.0279, 0.0000 
