Temperature control application started
Kp: 10.000000, Ki: 0.200000, Kd: 10.000000
30.00, 30.00, 0.00, 9.424, 0.0000, 9.4239, 0.0000 
30.00, 30.00, 0.00, 9.424, 0.0000, 9.4239, 0.0000 
30.00, 30.00, 0.00, 9.424, 0.0000, 9.4239, 0.0000 
30.00, 30.00, 0.00, 9.424, 0.0000, 9.4239, 0.0000 
30.00, 30.00, 0.00, 9.424, 0.0000, 9.4239, 0.0000 
30.00, 30.00, 0.00, 9.424, 0.0000, 9.4239, 0.0000 
30.00, 30.00, 0.00, 9.424, 0.0000, 9.4239, 0.0000 
30.00, 30.00, 0.00, 9.424, 0.0000, 9.4239, 0.0000 
30.00, 30.00, 0.00, 9.424, 0.0000, 9.4239, 0.0000 
30.00, 30.00, 0.00, 9.424, 0.0000, 9.4239, 0.0000 
30.00, 30.00, 0.00, 9.424, 0.0000, 9.4239, 0.0000 
30.00, 30.00, 0.00, 9.424, 0.0000, 9.4239, 0.0000 
30.00, 30.00, 0.00, 9.424, 0.0000, 9.4239, 0.0000 
30.00, 30.00, 0.00, 9.424, 0.0000, 9.4239, 0.0000 
30.00, 30.00, 0.00, 9.424, 0.0000, 9.4239, 0.0000 
30.00, 30.00, 0.00, 9.424, 0.0000, 9.4239, 0.0000 
30.00, 30.00, 0.00, 9.424, 0.0000, 9.4239, 0.0000 
30.00, 30.00, 0.00, 9.424, 0.0000, 9.4239, 0.0000 
30.00, 30.00, 0.00, 9.424, 0.0000, 9.4239, 0.0000 
30.00, 30.00, 0.00, 9.424, 0.0000, 9.4239, 0.0000 
30.00, 30.00, 0.00, 9.424, 0.0000, 9.4239, 0.0000 
30.00, 30.00, 0.00, 9.424, 0.0000, 9.4239, 0.0000 
30.00, 30.00, 0.00, 9.424, 0.0000, 9.4239, 0.0000 
30.00, 30.00, 0.00, 9.424, 0.0000, 9.4239, 0.0000 
30.00, 30.00, 0.00, 9.424, 0.0000, 9.4239, 0.0000 
30.00, 30.00, 0.00, 9.424, 0.0000, 9.4239, 0.0000 
30.00, 30.00, 0.00, 9.424, 0.0000, 9.4239, 0.0000 
30.00, 30.00, 0.00, 9.424, 0.0000, 9.4239, 0.0000 
30.00, 30.00, 0.00, 9.424, 0.0000, 9.4239, 0.0000 
30.00, 30.00, 0.00, 9.424, 0.0000, 9.4239, 0.0000 
30.00, 30.00, 0.00, 9.424, 0.0000, 9.4239, 0.0000 
30.00, 30.00, 0.00, 9.424, 0.0000, 9.4239, 0.0000 
30.00, 30.00, 0.00, 9.424, 0.0000, 9.4239, 0.0000 
30.00, 30.00, 0.00, 9.424, 0.0000, 9.4239, 0.0000 
50.00, 30.00, 20.00, 100.000, 200.0000, 10.7559, 600.6006 
50.00, 30.00, 20.00, 100.000, 200.0000, 12.0879, 0.0000 
50.00, 30.00, 20.00, 100.000, 200.0000, 13.4199, 0.0000 
50.00, 30.00, 20.00, 100.000, 200.0000, 14.7519, 0.0000 
50.00, 30.00, 20.00, 100.000, 200.0000, 16.0839, 0.0000 
50.00, 30.00, 20.00, 100.000, 200.0000, 17.4159, 0.0000 
50.00, 30.50, 19.50, 100.000, 195.0000, 18.7146, -15.0150 
50.00, 30.50, 19.50, 100.000, 195.0000, 20.0133, 0.0000 
50.00, 30.50, 19.50, 100.000, 195.0000, 21.3120, 0.0000 
50.00, 31.00, 19.00, 100.000, 190.0000, 22.5774, -15.0150 
50.00, 31.00, 19.00, 100.000, 190.0000, 23.8428, 0.0000 
50.00, 31.50, 18.50, 100.000, 185.0000, 25.0749, -15.0150 
50.00, 31.50, 18.50, 100.000, 185.0000, 26.3070, 0.0000 
50.00, 32.00, 18.00, 100.000, 180.0000, 27.5058, -15.0150 
50.00, 32.00, 18.00, 100.000, 180.0000, 28.7046, 0.0000 
50.00, 32.50, 17.50, 100.000, 175.0000, 29.8701, -15.0150 
50.00, 32.50, 17.50, 100.000, 175.0000, 31.0356, 0.0000 
50.00, 33.00, 17.00, 100.000, 170.0000, 32.1678, -15.0150 
50.00, 33.00, 17.00, 100.000, 170.0000, 33.3000, 0.0000 
50.00, 33.00, 17.00, 100.000, 170.0000, 34.4322, 0.0000 
50.00, 33.50, 16.50, 100.000, 165.0000, 35.5311, -15.0150 
50.00, 33.50, 16.50, 100.000, 165.0000, 36.6300, 0.0000 
50.00, 34.00, 16.00, 100.000, 160.0000, 37.6956, -15.0150 
50.00, 34.00, 16.00, 100.000, 160.0000, 38.7612, 0.0000 
50.00, 34.50, 15.50, 100.000, 155.0000, 39.7935, -15.0150 
50.00, 34.50, 15.50, 100.000, 155.0000, 40.8258, 0.0000 
50.00, 35.00, 15.00, 100.000, 150.0000, 41.8248, -15.0150 
50.00, 35.00, 15.00, 100.000, 150.0000, 42.8238, 0.0000 
50.00, 35.00, 15.00, 100.000, 150.0000, 43.8228, 0.0000 
50.00, 35.50, 14.50, 100.000, 145.0000, 44.7885, -15.0150 
50.00, 35.50, 14.50, 100.000, 145.0000, 45.7542, 0.0000 
50.00, 36.00, 14.00, 100.000, 140.0000, 46.6866, -15.0150 
50.00, 36.00, 14.00, 100.000, 140.0000, 47.6190, 0.0000 
50.00, 36.50, 13.50, 100.000, 135.0000, 48.5181, -15.0150 
50.00, 36.50, 13.50, 100.000, 135.0000, 49.4172, 0.0000 
50.00, 36.50, 13.50, 100.000, 135.0000, 50.3163, 0.0000 
50.00, 37.00, 13.00, 100.000, 130.0000, 51.1821, -15.0150 
50.00, 37.00, 13.00, 100.000, 130.0000, 52.0479, 0.0000 
50.00, 37.50, 12.50, 100.000, 125.0000, 52.8804, -15.0150 
50.00, 37.50, 12.50, 100.000, 125.0000, 53.7129, 0.0000 
50.00, 37.50, 12.50, 100.000, 125.0000, 54.5454, 0.0000 
50.00, 38.00, 12.00, 100.000, 120.0000, 55.3446, -15.0150 
50.00, 38.00, 12.00, 100.000, 120.0000, 56.1438, 0.0000 
50.00, 38.50, 11.50, 100.000, 115.0000, 56.9097, -15.0150 
50.00, 38.50, 11.50, 100.000, 115.0000, 57.6756, 0.0000 
50.00, 38.50, 11.50, 100.000, 115.0000, 58.4415, 0.0000 
50.00, 39.00, 11.00, 100.000, 110.0000, 59.1741, -15.0150 
50.00, 39.00, 11.00, 100.000, 110.0000, 59.9067, 0.0000 
50.00, 39.50, 10.50, 100.000, 105.0000, 60.6060, -15.0150 
50.00, 39.50, 10.50, 100.000, 105.0000, 61.3053, 0.0000 
50.00, 39.50, 10.50, 100.000, 105.0000, 62.0046, 0.0000 
50.00, 40.00, 10.00, 100.000, 100.0000, 62.6706, -15.0150 
50.00, 40.00, 10.00, 100.000, 100.0000, 63.3366, 0.0000 
50.00, 40.00, 10.00, 100.000, 100.0000, 64.0026, 0.0000 
50.00, 40.50, 9.50, 100.000, 95.0000, 64.6353, -15.0150 
50.00, 40.50, 9.50, 100.000, 95.0000, 65.2680, 0.0000 
50.00, 40.50, 9.50, 100.000, 95.0000, 65.9007, 0.0000 
50.00, 41.00, 9.00, 100.000, 90.0000, 66.5001, -15.0150 
50.00, 41.00, 9.00, 100.000, 90.0000, 67.0995, 0.0000 
50.00, 41.00, 9.00, 100.000, 90.0000, 67.6989, 0.0000 
50.00, 41.50, 8.50, 100.000, 85.0000, 68.2650, -15.0150 
50.00, 41.50, 8.50, 100.000, 85.0000, 68.8311, 0.0000 
50.00, 41.50, 8.50, 100.000, 85.0000, 69.3972, 0.0000 
50.00, 42.00, 8.00, 100.000, 80.0000, 69.9300, -15.0150 
50.00, 42.00, 8.00, 100.000, 80.0000, 70.4628, 0.0000 
50.00, 42.00, 8.00, 100.000, 80.0000, 70.9956, 0.0000 
50.00, 42.50, 7.50, 100.000, 75.0000, 71.4951, -15.0150 
50.00, 42.50, 7.50, 100.000, 75.0000, 71.9946, 0.0000 
50.00, 42.50, 7.50, 100.000, 75.0000, 72.4941, 0.0000 
50.00, 43.00, 7.00, 100.000, 70.0000, 72.9603, -15.0150 
50.00, 43.00, 7.00, 100.000, 70.0000, 73.4265, 0.0000 
50.00, 43.00, 7.00, 100.000, 70.0000, 73.8927, 0.0000 
50.00, 43.50, 6.50, 100.000, 65.0000, 74.3256, -15.0150 
50.00, 43.50, 6.50, 100.000, 65.0000, 74.7585, 0.0000 
50.00, 43.50, 6.50, 100.000, 65.0000, 75.1914, 0.0000 
50.00, 43.50, 6.50, 100.000, 65.0000, 75.6243, 0.0000 
50.00, 44.00, 6.00, 100.000, 60.0000, 76.0239, -15.0150 
50.00, 44.00, 6.00, 100.000, 60.0000, 76.4235, 0.0000 
50.00, 44.00, 6.00, 100.000, 60.0000, 76.8231, 0.0000 
50.00, 44.50, 5.50, 100.000, 55.0000, 77.1894, -15.0150 
50.00, 44.50, 5.50, 100.000, 55.0000, 77.5557, 0.0000 
50.00, 44.50, 5.50, 100.000, 55.0000, 77.9220, 0.0000 
50.00, 45.00, 5.00, 100.000, 50.0000, 78.2550, -15.0150 
50.00, 45.00, 5.00, 100.000, 50.0000, 78.5880, 0.0000 
50.00, 45.00, 5.00, 100.000, 50.0000, 78.9210, 0.0000 
50.00, 45.00, 5.00, 100.000, 50.0000, 79.2540, 0.0000 
50.00, 45.50, 4.50, 100.000, 45.0000, 79.5537, -15.0150 
50.00, 45.50, 4.50, 100.000, 45.0000, 79.8534, 0.0000 
50.00, 45.50, 4.50, 100.000, 45.0000, 80.1531, 0.0000 
50.00, 45.50, 4.50, 100.000, 45.0000, 80.4528, 0.0000 
50.00, 46.00, 4.00, 100.000, 40.0000, 80.7192, -15.0150 
50.00, 46.00, 4.00, 100.000, 40.0000, 80.9856, 0.0000 
50.00, 46.00, 4.00, 100.000, 40.0000, 81.2520, 0.0000 
50.00, 46.00, 4.00, 100.000, 40.0000, 81.5184, 0.0000 
50.00, 46.50, 3.50, 100.000, 35.0000, 81.7515, -15.0150 
50.00, 46.50, 3.50, 100.000, 35.0000, 81.9846, 0.0000 
50.00, 46.50, 3.50, 100.000, 35.0000, 82.2177, 0.0000 
50.00, 46.50, 3.50, 100.000, 35.0000, 82.4508, 0.0000 
50.00, 47.00, 3.00, 97.636, 30.0000, 82.6506, -15.0150 
50.00, 47.00, 3.00, 100.000, 30.0000, 82.8504, 0.0000 
50.00, 47.00, 3.00, 100.000, 30.0000, 83.0502, 0.0000 
50.00, 47.00, 3.00, 100.000, 30.0000, 83.2500, 0.0000 
50.00, 47.50, 2.50, 93.401, 25.0000, 83.4165, -15.0150 
50.00, 47.50, 2.50, 100.000, 25.0000, 83.5830, 0.0000 
50.00, 47.50, 2.50, 100.000, 25.0000, 83.7495, 0.0000 
50.00, 47.50, 2.50, 100.000, 25.0000, 83.9160, 0.0000 
50.00, 48.00, 2.00, 89.034, 20.0000, 84.0492, -15.0150 
50.00, 48.00, 2.00, 100.000, 20.0000, 84.1824, 0.0000 
50.00, 48.00, 2.00, 100.000, 20.0000, 84.3156, 0.0000 
50.00, 48.00, 2.00, 100.000, 20.0000, 84.4488, 0.0000 
50.00, 48.00, 2.00, 100.000, 20.0000, 84.5820, 0.0000 
50.00, 48.00, 2.00, 100.000, 20.0000, 84.7152, 0.0000 
50.00, 48.50, 1.50, 84.800, 15.0000, 84.8151, -15.0150 
50.00, 48.50, 1.50, 99.915, 15.0000, 84.9150, 0.0000 
50.00, 48.50, 1.50, 100.000, 15.0000, 85.0149, 0.0000 
50.00, 48.50, 1.50, 100.000, 15.0000, 85.1148, 0.0000 
50.00, 49.00, 1.00, 80.166, 10.0000, 85.1814, -15.0150 
50.00, 49.00, 1.00, 95.248, 10.0000, 85.2480, 0.0000 
50.00, 49.00, 1.00, 95.315, 10.0000, 85.3146, 0.0000 
50.00, 49.00, 1.00, 95.381, 10.0000, 85.3812, 0.0000 
50.00, 49.00, 1.00, 95.448, 10.0000, 85.4478, 0.0000 
50.00, 49.50, 0.50, 75.466, 5.0000, 85.4811, -15.0150 
50.00, 49.50, 0.50, 90.514, 5.0000, 85.5144, 0.0000 
50.00, 49.50, 0.50, 90.548, 5.0000, 85.5477, 0.0000 
50.00, 49.50, 0.50, 90.581, 5.0000, 85.5810, 0.0000 
50.00, 49.50, 0.50, 90.614, 5.0000, 85.6143, 0.0000 
50.00, 49.50, 0.50, 90.648, 5.0000, 85.6476, 0.0000 
50.00, 49.50, 0.50, 90.681, 5.0000, 85.6809, 0.0000 
50.00, 50.00, 0.00, 70.666, 0.0000, 85.6809, -15.0150 
50.00, 50.00, 0.00, 85.681, 0.0000, 85.6809, 0.0000 
50.00, 50.00, 0.00, 85.681, 0.0000, 85.6809, 0.0000 
50.00, 50.00, 0.00, 85.681, 0.0000, 85.6809, 0.0000 
50.00, 50.00, 0.00, 85.681, 0.0000, 85.6809, 0.0000 
50.00, 50.00, 0.00, 85.681, 0.0000, 85.6809, 0.0000 
50.00, 50.00, 0.00, 85.681, 0.0000, 85.6809, 0.0000 
50.00, 50.00, 0.00, 85.681, 0.0000, 85.6809, 0.0000 
50.00, 50.50, -0.50, 65.633, -5.0000, 85.6476, -15.0150 
50.00, 50.50, -0.50, 80.614, -5.0000, 85.6143, 0.0000 
50.00, 50.50, -0.50, 80.581, -5.0000, 85.5810, 0.0000 
50.00, 50.50, -0.50, 80.548, -5.0000, 85.5477, 0.0000 
50.00, 50.50, -0.50, 80.514, -5.0000, 85.5144, 0.0000 
50.00, 50.50, -0.50, 80.481, -5.0000, 85.4811, 0.0000 
50.00, 50.50, -0.50, 80.448, -5.0000, 85.4478, 0.0000 
50.00, 50.50, -0.50, 80.414, -5.0000, 85.4145, 0.0000 
50.00, 50.50, -0.50, 80.381, -5.0000, 85.3812, 0.0000 
50.00, 50.50, -0.50, 80.348, -5.0000, 85.3479, 0.0000 
50.00, 50.50, -0.50, 80.315, -5.0000, 85.3146, 0.0000 
50.00, 50.50, -0.50, 80.281, -5.0000, 85.2813, 0.0000 
50.00, 51.00, -1.00, 60.200, -10.0000, 85.2147, -15.0150 
50.00, 51.00, -1.00, 75.148, -10.0000, 85.1481, 0.0000 
50.00, 51.00, -1.00, 75.081, -10.0000, 85.0815, 0.0000 
50.00, 51.00, -1.00, 75.015, -10.0000, 85.0149, 0.0000 
50.00, 51.00, -1.00, 74.948, -10.0000, 84.9483, 0.0000 
50.00, 51.00, -1.00, 74.882, -10.0000, 84.8817, 0.0000 
50.00, 51.00, -1.00, 74.815, -10.0000, 84.8151, 0.0000 
50.00, 51.00, -1.00, 74.748, -10.0000, 84.7485, 0.0000 
50.00, 51.00, -1.00, 74.682, -10.0000, 84.6819, 0.0000 
50.00, 51.00, -1.00, 74.615, -10.0000, 84.6153, 0.0000 
50.00, 51.00, -1.00, 74.549, -10.0000, 84.5487, 0.0000 
50.00, 51.00, -1.00, 74.482, -10.0000, 84.4821, 0.0000 
50.00, 51.00, -1.00, 74.415, -10.0000, 84.4155, 0.0000 
50.00, 51.00, -1.00, 74.349, -10.0000, 84.3489, 0.0000 
50.00, 51.00, -1.00, 74.282, -10.0000, 84.2823, 0.0000 
50.00, 51.00, -1.00, 74.216, -10.0000, 84.2157, 0.0000 
50.00, 51.00, -1.00, 74.149, -10.0000, 84.1491, 0.0000 
50.00, 51.00, -1.00, 74.082, -10.0000, 84.0825, 0.0000 
50.00, 51.00, -1.00, 74.016, -10.0000, 84.0159, 0.0000 
50.00, 51.00, -1.00, 73.949, -10.0000, 83.9493, 0.0000 
50.00, 51.00, -1.00, 73.883, -10.0000, 83.8827, 0.0000 
50.00, 51.00, -1.00, 73.816, -10.0000, 83.8161, 0.0000 
50.00, 51.00, -1.00, 73.749, -10.0000, 83.7495, 0.0000 
50.00, 51.50, -1.50, 53.635, -15.0000, 83.6496, -15.0150 
50.00, 51.50, -1.50, 68.550, -15.0000, 83.5496, 0.0000 
50.00, 51.50, -1.50, 68.450, -15.0000, 83.4497, 0.0000 
50.00, 51.00, -1.00, 88.398, -10.0000, 83.3831, 15.0150 
50.00, 51.00, -1.00, 73.317, -10.0000, 83.3165, 0.0000 
50.00, 51.00, -1.00, 73.250, -10.0000, 83.2499, 0.0000 
50.00, 51.00, -1.00, 73.183, -10.0000, 83.1833, 0.0000 
50.00, 51.00, -1.00, 73.117, -10.0000, 83.1167, 0.0000 
50.00, 51.00, -1.00, 73.050, -10.0000, 83.0501, 0.0000 
50.00, 51.00, -1.00, 72.984, -10.0000, 82.9835, 0.0000 
50.00, 51.00, -1.00, 72.917, -10.0000, 82.9169, 0.0000 
50.00, 51.00, -1.00, 72.850, -10.0000, 82.8503, 0.0000 
50.00, 51.50, -1.50, 52.735, -15.0000, 82.7504, -15.0150 
50.00, 51.50, -1.50, 67.651, -15.0000, 82.6505, 0.0000 
50.00, 51.50, -1.50, 67.551, -15.0000, 82.5506, 0.0000 
50.00, 51.50, -1.50, 67.451, -15.0000, 82.4507, 0.0000 
50.00, 51.50, -1.50, 67.351, -15.0000, 82.3508, 0.0000 
50.00, 51.00, -1.00, 87.299, -10.0000, 82.2842, 15.0150 
50.00, 51.00, -1.00, 72.218, -10.0000, 82.2176, 0.0000 
50.00, 51.00, -1.00, 72.151, -10.0000, 82.1510, 0.0000 
50.00, 51.00, -1.00, 72.084, -10.0000, 82.0844, 0.0000 
50.00, 51.00, -1.00, 72.018, -10.0000, 82.0178, 0.0000 
50.00, 51.00, -1.00, 71.951, -10.0000, 81.9512, 0.0000 
50.00, 51.00, -1.00, 71.885, -10.0000, 81.8846, 0.0000 
50.00, 51.00, -1.00, 71.818, -10.0000, 81.8180, 0.0000 
50.00, 51.50, -1.50, 51.703, -15.0000, 81.7181, -15.0150 
50.00, 51.00, -1.00, 86.667, -10.0000, 81.6515, 15.0150 
50.00, 51.50, -1.50, 51.537, -15.0000, 81.5516, -15.0150 
50.00, 51.50, -1.50, 66.452, -15.0000, 81.4517, 0.0000 
50.00, 51.50, -1.50, 66.352, -15.0000, 81.3518, 0.0000 
50.00, 51.50, -1.50, 66.252, -15.0000, 81.2519, 0.0000 
50.00, 51.50, -1.50, 66.152, -15.0000, 81.1520, 0.0000 
50.00, 51.50, -1.50, 66.052, -15.0000, 81.0521, 0.0000 
50.00, 51.50, -1.50, 65.952, -15.0000, 80.9522, 0.0000 
50.00, 51.50, -1.50, 65.852, -15.0000, 80.8523, 0.0000 
50.00, 51.00, -1.00, 85.801, -10.0000, 80.7857, 15.0150 
50.00, 51.50, -1.50, 50.671, -15.0000, 80.6858, -15.0150 
50.00, 51.50, -1.50, 65.586, -15.0000, 80.5859, 0.0000 
50.00, 51.50, -1.50, 65.486, -15.0000, 80.4860, 0.0000 
50.00, 51.50, -1.50, 65.386, -15.0000, 80.3861, 0.0000 
50.00, 51.50, -1.50, 65.286, -15.0000, 80.2862, 0.0000 
50.00, 51.50, -1.50, 65.186, -15.0000, 80.1863, 0.0000 
50.00, 51.50, -1.50, 65.086, -15.0000, 80.0864, 0.0000 
50.00, 51.50, -1.50, 64.986, -15.0000, 79.9865, 0.0000 
50.00, 51.50, -1.50, 64.887, -15.0000, 79.8866, 0.0000 
50.00, 51.50, -1.50, 64.787, -15.0000, 79.7867, 0.0000 
50.00, 51.50, -1.50, 64.687, -15.0000, 79.6868, 0.0000 
50.00, 51.50, -1.50, 64.587, -15.0000, 79.5869, 0.0000 
50.00, 51.00, -1.00, 84.535, -10.0000, 79.5203, 15.0150 
50.00, 51.00, -1.00, 69.454, -10.0000, 79.4537, 0.0000 
50.00, 51.00, -1.00, 69.387, -10.0000, 79.3870, 0.0000 
50.00, 51.00, -1.00, 69.320, -10.0000, 79.3204, 0.0000 
50.00, 51.50, -1.50, 49.206, -15.0000, 79.2205, -15.0150 
50.00, 51.00, -1.00, 84.169, -10.0000, 79.1539, 15.0150 
50.00, 51.50, -1.50, 49.039, -15.0000, 79.0540, -15.0150 
50.00, 51.50, -1.50, 63.954, -15.0000, 78.9541, 0.0000 
50.00, 51.50, -1.50, 63.854, -15.0000, 78.8542, 0.0000 
50.00, 51.50, -1.50, 63.754, -15.0000, 78.7543, 0.0000 
50.00, 51.50, -1.50, 63.654, -15.0000, 78.6544, 0.0000 
50.00, 51.50, -1.50, 63.555, -15.0000, 78.5545, 0.0000 
50.00, 51.50, -1.50, 63.455, -15.0000, 78.4546, 0.0000 
50.00, 51.00, -1.00, 83.403, -10.0000, 78.3880, 15.0150 
50.00, 51.50, -1.50, 48.273, -15.0000, 78.2881, -15.0150 
50.00, 51.00, -1.00, 83.237, -10.0000, 78.2215, 15.0150 
50.00, 51.00, -1.00, 68.155, -10.0000, 78.1549, 0.0000 
50.00, 51.00, -1.00, 68.088, -10.0000, 78.0883, 0.0000 
50.00, 51.00, -1.00, 68.022, -10.0000, 78.0217, 0.0000 
50.00, 51.00, -1.00, 67.955, -10.0000, 77.9551, 0.0000 
50.00, 51.50, -1.50, 47.840, -15.0000, 77.8552, -15.0150 
50.00, 51.50, -1.50, 62.755, -15.0000, 77.7553, 0.0000 
50.00, 51.50, -1.50, 62.655, -15.0000, 77.6554, 0.0000 
50.00, 51.50, -1.50, 62.556, -15.0000, 77.5555, 0.0000 
50.00, 51.50, -1.50, 62.456, -15.0000, 77.4556, 0.0000 
50.00, 51.50, -1.50, 62.356, -15.0000, 77.3557, 0.0000 
50.00, 51.50, -1.50, 62.256, -15.0000, 77.2558, 0.0000 
50.00, 51.50, -1.50, 62.156, -15.0000, 77.1559, 0.0000 
50.00, 51.00, -1.00, 82.104, -10.0000, 77.0893, 15.0150 
50.00, 51.00, -1.00, 67.023, -10.0000, 77.0227, 0.0000 
50.00, 51.00, -1.00, 66.956, -10.0000, 76.9561, 0.0000 
50.00, 51.00, -1.00, 66.889, -10.0000, 76.8895, 0.0000 
50.00, 51.50, -1.50, 46.775, -15.0000, 76.7896, -15.0150 
50.00, 51.50, -1.50, 61.690, -15.0000, 76.6897, 0.0000 
50.00, 51.50, -1.50, 61.590, -15.0000, 76.5898, 0.0000 
50.00, 51.50, -1.50, 61.490, -15.0000, 76.4899, 0.0000 
50.00, 51.00, -1.00, 81.438, -10.0000, 76.4233, 15.0150 
50.00, 51.00, -1.00, 66.357, -10.0000, 76.3567, 0.0000 
50.00, 51.00, -1.00, 66.290, -10.0000, 76.2901, 0.0000 
50.00, 51.50, -1.50, 46.175, -15.0000, 76.1902, -15.0150 
50.00, 51.50, -1.50, 61.090, -15.0000, 76.0903, 0.0000 
50.00, 51.50, -1.50, 60.990, -15.0000, 75.9904, 0.0000 
50.00, 51.50, -1.50, 60.890, -15.0000, 75.8905, 0.0000 
50.00, 51.50, -1.50, 60.791, -15.0000, 75.7906, 0.0000 
50.00, 51.00, -1.00, 80.739, -10.0000, 75.7240, 15.0150 
50.00, 51.00, -1.00, 65.657, -10.0000, 75.6574, 0.0000 
50.00, 51.00, -1.00, 65.591, -10.0000, 75.5908, 0.0000 
50.00, 51.00, -1.00, 65.524, -10.0000, 75.5242, 0.0000 
50.00, 51.00, -1.00, 65.458, -10.0000, 75.4576, 0.0000 
50.00, 51.00, -1.00, 65.391, -10.0000, 75.3910, 0.0000 
50.00, 51.00, -1.00, 65.324, -10.0000, 75.3244, 0.0000 
50.00, 51.00, -1.00, 65.258, -10.0000, 75.2578, 0.0000 
50.00, 51.00, -1.00, 65.191, -10.0000, 75.1912, 0.0000 
50.00, 51.00, -1.00, 65.125, -10.0000, 75.1245, 0.0000 
50.00, 51.00, -1.00, 65.058, -10.0000, 75.0579, 0.0000 
50.00, 51.50, -1.50, 44.943, -15.0000, 74.9580, -15.0150 
50.00, 51.50, -1.50, 59.858, -15.0000, 74.8581, 0.0000 
50.00, 51.50, -1.50, 59.758, -15.0000, 74.7582, 0.0000 
50.00, 51.50, -1.50, 59.658, -15.0000, 74.6583, 0.0000 
50.00, 51.50, -1.50, 59.558, -15.0000, 74.5584, 0.0000 
50.00, 51.00, -1.00, 79.507, -10.0000, 74.4918, 15.0150 
50.00, 51.00, -1.00, 64.425, -10.0000, 74.4252, 0.0000 
50.00, 51.00, -1.00, 64.359, -10.0000, 74.3586, 0.0000 
50.00, 51.00, -1.00, 64.292, -10.0000, 74.2920, 0.0000 
50.00, 51.00, -1.00, 64.225, -10.0000, 74.2254, 0.0000 
50.00, 51.00, -1.00, 64.159, -10.0000, 74.1588, 0.0000 
50.00, 51.00, -1.00, 64.092, -10.0000, 74.0922, 0.0000 
50.00, 51.00, -1.00, 64.026, -10.0000, 74.0256, 0.0000 
50.00, 51.00, -1.00, 63.959, -10.0000, 73.9590, 0.0000 
50.00, 51.00, -1.00, 63.892, -10.0000, 73.8924, 0.0000 
50.00, 51.00, -1.00, 63.826, -10.0000, 73.8258, 0.0000 
50.00, 51.00, -1.00, 63.759, -10.0000, 73.7592, 0.0000 
50.00, 51.50, -1.50, 43.644, -15.0000, 73.6593, -15.0150 
50.00, 51.50, -1.50, 58.559, -15.0000, 73.5594, 0.0000 
50.00, 51.00, -1.00, 78.508, -10.0000, 73.4928, 15.0150 
50.00, 51.00, -1.00, 63.426, -10.0000, 73.4262, 0.0000 
50.00, 51.50, -1.50, 43.311, -15.0000, 73.3263, -15.0150 
50.00, 51.00, -1.00, 78.275, -10.0000, 73.2597, 15.0150 
50.00, 51.50, -1.50, 43.145, -15.0000, 73.1598, -15.0150 
50.00, 51.00, -1.00, 78.108, -10.0000, 73.0932, 15.0150 
50.00, 51.00, -1.00, 63.027, -10.0000, 73.0266, 0.0000 
50.00, 51.00, -1.00, 62.960, -10.0000, 72.9600, 0.0000 
50.00, 51.00, -1.00, 62.893, -10.0000, 72.8934, 0.0000 
50.00, 51.00, -1.00, 62.827, -10.0000, 72.8268, 0.0000 
50.00, 51.00, -1.00, 62.760, -10.0000, 72.7602, 0.0000 
50.00, 51.50, -1.50, 42.645, -15.0000, 72.6603, -15.0150 
50.00, 51.00, -1.00, 77.609, -10.0000, 72.5937, 15.0150 
50.00, 51.00, -1.00, 62.527, -10.0000, 72.5271, 0.0000 
50.00, 51.00, -1.00, 62.460, -10.0000, 72.4605, 0.0000 
50.00, 51.00, -1.00, 62.394, -10.0000, 72.3939, 0.0000 
50.00, 51.00, -1.00, 62.327, -10.0000, 72.3273, 0.0000 
50.00, 51.00, -1.00, 62.261, -10.0000, 72.2607, 0.0000 
50.00, 51.00, -1.00, 62.194, -10.0000, 72.1941, 0.0000 
50.00, 51.00, -1.00, 62.127, -10.0000, 72.1275, 0.0000 
50.00, 51.00, -1.00, 62.061, -10.0000, 72.0609, 0.0000 
50.00, 51.00, -1.00, 61.994, -10.0000, 71.9943, 0.0000 
50.00, 51.00, -1.00, 61.928, -10.0000, 71.9277, 0.0000 
50.00, 51.00, -1.00, 61.861, -10.0000, 71.8611, 0.0000 
50.00, 51.00, -1.00, 61.794, -10.0000, 71.7945, 0.0000 
50.00, 51.00, -1.00, 61.728, -10.0000, 71.7279, 0.0000 
50.00, 51.00, -1.00, 61.661, -10.0000, 71.6613, 0.0000 
50.00, 51.00, -1.00, 61.595, -10.0000, 71.5947, 0.0000 
50.00, 51.00, -1.00, 61.528, -10.0000, 71.5281, 0.0000 
50.00, 51.00, -1.00, 61.461, -10.0000, 71.4615, 0.0000 
50.00, 51.00, -1.00, 61.395, -10.0000, 71.3949, 0.0000 
50.00, 51.00, -1.00, 61.328, -10.0000, 71.3283, 0.0000 
50.00, 51.00, -1.00, 61.262, -10.0000, 71.2617, 0.0000 
50.00, 51.00, -1.00, 61.195, -10.0000, 71.1951, 0.0000 
50.00, 51.00, -1.00, 61.128, -10.0000, 71.1285, 0.0000 
50.00, 51.00, -1.00, 61.062, -10.0000, 71.0619, 0.0000 
50.00, 51.00, -1.00, 60.995, -10.0000, 70.9953, 0.0000 
50.00, 51.00, -1.00, 60.929, -10.0000, 70.9286, 0.0000 
50.00, 51.00, -1.00, 60.862, -10.0000, 70.8621, 0.0000 
50.00, 51.00, -1.00, 60.795, -10.0000, 70.7954, 0.0000 
50.00, 51.00, -1.00, 60.729, -10.0000, 70.7288, 0.0000 
50.00, 51.00, -1.00, 60.662, -10.0000, 70.6622, 0.0000 
50.00, 51.00, -1.00, 60.596, -10.0000, 70.5956, 0.0000 
50.00, 51.00, -1.00, 60.529, -10.0000, 70.5290, 0.0000 
50.00, 51.00, -1.00, 60.462, -10.0000, 70.4624, 0.0000 
50.00, 51.00, -1.00, 60.396, -10.0000, 70.3958, 0.0000 
50.00, 51.00, -1.00, 60.329, -10.0000, 70.3292, 0.0000 
50.00, 51.00, -1.00, 60.263, -10.0000, 70.2626, 0.0000 
50.00, 51.00, -1.00, 60.196, -10.0000, 70.1960, 0.0000 
50.00, 51.00, -1.00, 60.129, -10.0000, 70.1294, 0.0000 
50.00, 51.00, -1.00, 60.063, -10.0000, 70.0628, 0.0000 
50.00, 51.00, -1.00, 59.996, -10.0000, 69.9962, 0.0000 
50.00, 51.00, -1.00, 59.930, -10.0000, 69.9296, 0.0000 
50.00, 51.00, -1.00, 59.863, -10.0000, 69.8630, 0.0000 
50.00, 51.00, -1.00, 59.796, -10.0000, 69.7964, 0.0000 
50.00, 51.00, -1.00, 59.730, -10.0000, 69.7298, 0.0000 
50.00, 51.00, -1.00, 59.663, -10.0000, 69.6632, 0.0000 
50.00, 51.00, -1.00, 59.597, -10.0000, 69.5966, 0.0000 
50.00, 51.00, -1.00, 59.530, -10.0000, 69.5300, 0.0000 
50.00, 51.00, -1.00, 59.463, -10.0000, 69.4634, 0.0000 
50.00, 51.00, -1.00, 59.397, -10.0000, 69.3968, 0.0000 
50.00, 51.00, -1.00, 59.330, -10.0000, 69.3302, 0.0000 
50.00, 51.00, -1.00, 59.264, -10.0000, 69.2636, 0.0000 
50.00, 51.00, -1.00, 59.197, -10.0000, 69.1970, 0.0000 
50.00, 51.00, -1.00, 59.130, -10.0000, 69.1304, 0.0000 
50.00, 51.00, -1.00, 59.064, -10.0000, 69.0638, 0.0000 
50.00, 51.00, -1.00, 58.997, -10.0000, 68.9972, 0.0000 
50.00, 51.00, -1.00, 58.931, -10.0000, 68.9306, 0.0000 
50.00, 51.00, -1.00, 58.864, -10.0000, 68.8640, 0.0000 
50.00, 51.00, -1.00, 58.797, -10.0000, 68.7974, 0.0000 
50.00, 51.00, -1.00, 58.731, -10.0000, 68.7308, 0.0000 
50.00, 51.00, -1.00, 58.664, -10.0000, 68.6642, 0.0000 
50.00, 51.00, -1.00, 58.598, -10.0000, 68.5976, 0.0000 
50.00, 51.00, -1.00, 58.531, -10.0000, 68.5310, 0.0000 
50.00, 51.00, -1.00, 58.464, -10.0000, 68.4644, 0.0000 
50.00, 51.00, -1.00, 58.398, -10.0000, 68.3978, 0.0000 
50.00, 51.00, -1.00, 58.331, -10.0000, 68.3312, 0.0000 
50.00, 51.00, -1.00, 58.265, -10.0000, 68.2646, 0.0000 
50.00, 51.00, -1.00, 58.198, -10.0000, 68.1980, 0.0000 
50.00, 51.00, -1.00, 58.131, -10.0000, 68.1314, 0.0000 
50.00, 51.00, -1.00, 58.065, -10.0000, 68.0648, 0.0000 
50.00, 51.00, -1.00, 57.998, -10.0000, 67.9982, 0.0000 
50.00, 51.00, -1.00, 57.932, -10.0000, 67.9316, 0.0000 
50.00, 51.00, -1.00, 57.865, -10.0000, 67.8650, 0.0000 
50.00, 51.00, -1.00, 57.798, -10.0000, 67.7984, 0.0000 
50.00, 51.00, -1.00, 57.732, -10.0000, 67.7318, 0.0000 
50.00, 51.00, -1.00, 57.665, -10.0000, 67.6652, 0.0000 
50.00, 51.00, -1.00, 57.599, -10.0000, 67.5986, 0.0000 
50.00, 51.00, -1.00, 57.532, -10.0000, 67.5320, 0.0000 
50.00, 51.00, -1.00, 57.465, -10.0000, 67.4654, 0.0000 
50.00, 51.00, -1.00, 57.399, -10.0000, 67.3988, 0.0000 
50.00, 51.00, -1.00, 57.332, -10.0000, 67.3322, 0.0000 
50.00, 50.50, -0.50, 77.314, -5.0000, 67.2989, 15.0150 
50.00, 50.50, -0.50, 62.266, -5.0000, 67.2656, 0.0000 
50.00, 50.50, -0.50, 62.232, -5.0000, 67.2323, 0.0000 
50.00, 50.50, -0.50, 62.199, -5.0000, 67.1990, 0.0000 
50.00, 51.00, -1.00, 42.117, -10.0000, 67.1324, -15.0150 
50.00, 51.00, -1.00, 57.066, -10.0000, 67.0658, 0.0000 
50.00, 51.00, -1.00, 56.999, -10.0000, 66.9992, 0.0000 
50.00, 50.50, -0.50, 76.981, -5.0000, 66.9659, 15.0150 
50.00, 50.50, -0.50, 61.933, -5.0000, 66.9326, 0.0000 
50.00, 50.50, -0.50, 61.899, -5.0000, 66.8993, 0.0000 
50.00, 50.50, -0.50, 61.866, -5.0000, 66.8660, 0.0000 
50.00, 50.50, -0.50, 61.833, -5.0000, 66.8327, 0.0000 
50.00, 50.50, -0.50, 61.799, -5.0000, 66.7994, 0.0000 
50.00, 50.50, -0.50, 61.766, -5.0000, 66.7661, 0.0000 
50.00, 50.50, -0.50, 61.733, -5.0000, 66.7327, 0.0000 
50.00, 50.50, -0.50, 61.699, -5.0000, 66.6995, 0.0000 
50.00, 50.50, -0.50, 61.666, -5.0000, 66.6662, 0.0000 
50.00, 50.50, -0.50, 61.633, -5.0000, 66.6329, 0.0000 
50.00, 50.50, -0.50, 61.600, -5.0000, 66.5995, 0.0000 
50.00, 50.50, -0.50, 61.566, -5.0000, 66.5662, 0.0000 
50.00, 50.50, -0.50, 61.533, -5.0000, 66.5330, 0.0000 
50.00, 50.50, -0.50, 61.500, -5.0000, 66.4996, 0.0000 
50.00, 51.00, -1.00, 41.418, -10.0000, 66.4330, -15.0150 
50.00, 51.00, -1.00, 56.366, -10.0000, 66.3664, 0.0000 
50.00, 51.00, -1.00, 56.300, -10.0000, 66.2998, 0.0000 
50.00, 51.00, -1.00, 56.233, -10.0000, 66.2332, 0.0000 
50.00, 51.00, -1.00, 56.167, -10.0000, 66.1666, 0.0000 
50.00, 51.00, -1.00, 56.100, -10.0000, 66.1000, 0.0000 
50.00, 51.00, -1.00, 56.033, -10.0000, 66.0334, 0.0000 
50.00, 51.00, -1.00, 55.967, -10.0000, 65.9668, 0.0000 
50.00, 51.00, -1.00, 55.900, -10.0000, 65.9002, 0.0000 
50.00, 51.00, -1.00, 55.834, -10.0000, 65.8336, 0.0000 
50.00, 51.00, -1.00, 55.767, -10.0000, 65.7670, 0.0000 
50.00, 50.50, -0.50, 75.749, -5.0000, 65.7337, 15.0150 
50.00, 51.00, -1.00, 40.652, -10.0000, 65.6671, -15.0150 
50.00, 50.50, -0.50, 75.649, -5.0000, 65.6338, 15.0150 
50.00, 51.00, -1.00, 40.552, -10.0000, 65.5672, -15.0150 
50.00, 50.50, -0.50, 75.549, -5.0000, 65.5339, 15.0150 
50.00, 50.50, -0.50, 60.501, -5.0000, 65.5006, 0.0000 
50.00, 50.50, -0.50, 60.467, -5.0000, 65.4673, 0.0000 
50.00, 51.00, -1.00, 40.386, -10.0000, 65.4007, -15.0150 
50.00, 51.00, -1.00, 55.334, -10.0000, 65.3341, 0.0000 
50.00, 51.00, -1.00, 55.268, -10.0000, 65.2675, 0.0000 
50.00, 51.00, -1.00, 55.201, -10.0000, 65.2009, 0.0000 
50.00, 51.00, -1.00, 55.134, -10.0000, 65.1343, 0.0000 
50.00, 51.00, -1.00, 55.068, -10.0000, 65.0677, 0.0000 
50.00, 51.00, -1.00, 55.001, -10.0000, 65.0011, 0.0000 
50.00, 50.50, -0.50, 74.983, -5.0000, 64.9678, 15.0150 
50.00, 50.50, -0.50, 59.935, -5.0000, 64.9345, 0.0000 
50.00, 50.50, -0.50, 59.901, -5.0000, 64.9012, 0.0000 
50.00, 50.50, -0.50, 59.868, -5.0000, 64.8679, 0.0000 
50.00, 50.50, -0.50, 59.835, -5.0000, 64.8346, 0.0000 
50.00, 50.50, -0.50, 59.801, -5.0000, 64.8013, 0.0000 
50.00, 51.00, -1.00, 39.720, -10.0000, 64.7347, -15.0150 
50.00, 51.00, -1.00, 54.668, -10.0000, 64.6681, 0.0000 
50.00, 50.50, -0.50, 74.650, -5.0000, 64.6348, 15.0150 
50.00, 50.50, -0.50, 59.602, -5.0000, 64.6015, 0.0000 
50.00, 50.50, -0.50, 59.568, -5.0000, 64.5682, 0.0000 
50.00, 50.50, -0.50, 59.535, -5.0000, 64.5349, 0.0000 
50.00, 50.50, -0.50, 59.502, -5.0000, 64.5016, 0.0000 
50.00, 50.50, -0.50, 59.468, -5.0000, 64.4683, 0.0000 
50.00, 51.00, -1.00, 39.387, -10.0000, 64.4017, -15.0150 
50.00, 51.00, -1.00, 54.335, -10.0000, 64.3351, 0.0000 
50.00, 51.00, -1.00, 54.268, -10.0000, 64.2685, 0.0000 
50.00, 51.00, -1.00, 54.202, -10.0000, 64.2019, 0.0000 
50.00, 50.50, -0.50, 74.184, -5.0000, 64.1686, 15.0150 
50.00, 50.50, -0.50, 59.135, -5.0000, 64.1353, 0.0000 
50.00, 50.50, -0.50, 59.102, -5.0000, 64.1020, 0.0000 
50.00, 50.50, -0.50, 59.069, -5.0000, 64.0687, 0.0000 
50.00, 50.50, -0.50, 59.035, -5.0000, 64.0354, 0.0000 
50.00, 51.00, -1.00, 38.954, -10.0000, 63.9688, -15.0150 
50.00, 50.50, -0.50, 73.951, -5.0000, 63.9355, 15.0150 
50.00, 50.50, -0.50, 58.902, -5.0000, 63.9022, 0.0000 
50.00, 50.50, -0.50, 58.869, -5.0000, 63.8689, 0.0000 
50.00, 50.50, -0.50, 58.836, -5.0000, 63.8356, 0.0000 
50.00, 50.50, -0.50, 58.802, -5.0000, 63.8023, 0.0000 
50.00, 50.50, -0.50, 58.769, -5.0000, 63.7690, 0.0000 
50.00, 50.50, -0.50, 58.736, -5.0000, 63.7357, 0.0000 
50.00, 50.50, -0.50, 58.702, -5.0000, 63.7024, 0.0000 
50.00, 50.50, -0.50, 58.669, -5.0000, 63.6691, 0.0000 
50.00, 50.50, -0.50, 58.636, -5.0000, 63.6358, 0.0000 
50.00, 51.00, -1.00, 38.554, -10.0000, 63.5692, -15.0150 
50.00, 50.50, -0.50, 73.551, -5.0000, 63.5359, 15.0150 
50.00, 50.50, -0.50, 58.503, -5.0000, 63.5026, 0.0000 
50.00, 50.50, -0.50, 58.469, -5.0000, 63.4693, 0.0000 
50.00, 50.50, -0.50, 58.436, -5.0000, 63.4360, 0.0000 
50.00, 50.50, -0.50, 58.403, -5.0000, 63.4027, 0.0000 
50.00, 50.50, -0.50, 58.369, -5.0000, 63.3694, 0.0000 
50.00, 50.50, -0.50, 58.336, -5.0000, 63.3361, 0.0000 
50.00, 50.50, -0.50, 58.303, -5.0000, 63.3028, 0.0000 
50.00, 50.50, -0.50, 58.269, -5.0000, 63.2695, 0.0000 
50.00, 50.50, -0.50, 58.236, -5.0000, 63.2362, 0.0000 
50.00, 50.50, -0.50, 58.203, -5.0000, 63.2029, 0.0000 
50.00, 50.50, -0.50, 58.170, -5.0000, 63.1696, 0.0000 
50.00, 50.50, -0.50, 58.136, -5.0000, 63.1363, 0.0000 
50.00, 50.50, -0.50, 58.103, -5.0000, 63.1030, 0.0000 
50.00, 50.50, -0.50, 58.070, -5.0000, 63.0697, 0.0000 
50.00, 50.50, -0.50, 58.036, -5.0000, 63.0364, 0.0000 
50.00, 50.50, -0.50, 58.003, -5.0000, 63.0031, 0.0000 
50.00, 50.50, -0.50, 57.970, -5.0000, 62.9698, 0.0000 
50.00, 50.50, -0.50, 57.936, -5.0000, 62.9365, 0.0000 
50.00, 50.50, -0.50, 57.903, -5.0000, 62.9032, 0.0000 
50.00, 50.50, -0.50, 57.870, -5.0000, 62.8699, 0.0000 
50.00, 50.50, -0.50, 57.837, -5.0000, 62.8366, 0.0000 
50.00, 50.50, -0.50, 57.803, -5.0000, 62.8033, 0.0000 
50.00, 50.50, -0.50, 57.770, -5.0000, 62.7700, 0.0000 
50.00, 50.50, -0.50, 57.737, -5.0000, 62.7367, 0.0000 
50.00, 50.50, -0.50, 57.703, -5.0000, 62.7034, 0.0000 
50.00, 50.50, -0.50, 57.670, -5.0000, 62.6701, 0.0000 
50.00, 50.50, -0.50, 57.637, -5.0000, 62.6368, 0.0000 
50.00, 50.50, -0.50, 57.603, -5.0000, 62.6035, 0.0000 
50.00, 50.50, -0.50, 57.570, -5.0000, 62.5702, 0.0000 
50.00, 50.50, -0.50, 57.537, -5.0000, 62.5369, 0.0000 
50.00, 50.50, -0.50, 57.504, -5.0000, 62.5036, 0.0000 
50.00, 50.50, -0.50, 57.470, -5.0000, 62.4703, 0.0000 
50.00, 50.50, -0.50, 57.437, -5.0000, 62.4370, 0.0000 
50.00, 50.50, -0.50, 57.404, -5.0000, 62.4037, 0.0000 
50.00, 50.50, -0.50, 57.370, -5.0000, 62.3703, 0.0000 
50.00, 50.50, -0.50, 57.337, -5.0000, 62.3370, 0.0000 
50.00, 50.50, -0.50, 57.304, -5.0000, 62.3037, 0.0000 
50.00, 50.50, -0.50, 57.270, -5.0000, 62.2704, 0.0000 
50.00, 50.50, -0.50, 57.237, -5.0000, 62.2371, 0.0000 
50.00, 50.50, -0.50, 57.204, -5.0000, 62.2038, 0.0000 
50.00, 50.50, -0.50, 57.171, -5.0000, 62.1705, 0.0000 
50.00, 50.50, -0.50, 57.137, -5.0000, 62.1372, 0.0000 
50.00, 50.50, -0.50, 57.104, -5.0000, 62.1039, 0.0000 
50.00, 50.50, -0.50, 57.071, -5.0000, 62.0706, 0.0000 
50.00, 50.50, -0.50, 57.037, -5.0000, 62.0373, 0.0000 
50.00, 50.50, -0.50, 57.004, -5.0000, 62.0040, 0.0000 
50.00, 50.50, -0.50, 56.971, -5.0000, 61.9707, 0.0000 
50.00, 50.50, -0.50, 56.937, -5.0000, 61.9374, 0.0000 
50.00, 50.50, -0.50, 56.904, -5.0000, 61.9041, 0.0000 
50.00, 50.50, -0.50, 56.871, -5.0000, 61.8708, 0.0000 
50.00, 50.50, -0.50, 56.838, -5.0000, 61.8375, 0.0000 
50.00, 50.50, -0.50, 56.804, -5.0000, 61.8042, 0.0000 
50.00, 50.50, -0.50, 56.771, -5.0000, 61.7709, 0.0000 
50.00, 50.50, -0.50, 56.738, -5.0000, 61.7376, 0.0000 
50.00, 50.50, -0.50, 56.704, -5.0000, 61.7043, 0.0000 
50.00, 50.50, -0.50, 56.671, -5.0000, 61.6710, 0.0000 
50.00, 50.50, -0.50, 56.638, -5.0000, 61.6377, 0.0000 
50.00, 50.50, -0.50, 56.604, -5.0000, 61.6044, 0.0000 
50.00, 50.50, -0.50, 56.571, -5.0000, 61.5711, 0.0000 
50.00, 50.50, -0.50, 56.538, -5.0000, 61.5378, 0.0000 
50.00, 50.50, -0.50, 56.505, -5.0000, 61.5045, 0.0000 
50.00, 50.50, -0.50, 56.471, -5.0000, 61.4712, 0.0000 
50.00, 50.50, -0.50, 56.438, -5.0000, 61.4379, 0.0000 
50.00, 50.50, -0.50, 56.405, -5.0000, 61.4046, 0.0000 
50.00, 50.50, -0.50, 56.371, -5.0000, 61.3713, 0.0000 
50.00, 50.50, -0.50, 56.338, -5.0000, 61.3380, 0.0000 
50.00, 50.50, -0.50, 56.305, -5.0000, 61.3047, 0.0000 
50.00, 50.50, -0.50, 56.271, -5.0000, 61.2714, 0.0000 
50.00, 50.50, -0.50, 56.238, -5.0000, 61.2381, 0.0000 
50.00, 50.50, -0.50, 56.205, -5.0000, 61.2048, 0.0000 
50.00, 50.50, -0.50, 56.172, -5.0000, 61.1715, 0.0000 
50.00, 50.50, -0.50, 56.138, -5.0000, 61.1382, 0.0000 
50.00, 50.50, -0.50, 56.105, -5.0000, 61.1049, 0.0000 
50.00, 50.50, -0.50, 56.072, -5.0000, 61.0716, 0.0000 
50.00, 50.50, -0.50, 56.038, -5.0000, 61.0383, 0.0000 
50.00, 50.50, -0.50, 56.005, -5.0000, 61.0050, 0.0000 
50.00, 50.50, -0.50, 55.972, -5.0000, 60.9717, 0.0000 
50.00, 50.50, -0.50, 55.938, -5.0000, 60.9384, 0.0000 
50.00, 50.50, -0.50, 55.905, -5.0000, 60.9051, 0.0000 
50.00, 50.50, -0.50, 55.872, -5.0000, 60.8718, 0.0000 
50.00, 50.50, -0.50, 55.839, -5.0000, 60.8385, 0.0000 
50.00, 50.50, -0.50, 55.805, -5.0000, 60.8052, 0.0000 
50.00, 50.50, -0.50, 55.772, -5.0000, 60.7719, 0.0000 
50.00, 50.50, -0.50, 55.739, -5.0000, 60.7386, 0.0000 
50.00, 50.50, -0.50, 55.705, -5.0000, 60.7053, 0.0000 
50.00, 50.50, -0.50, 55.672, -5.0000, 60.6720, 0.0000 
50.00, 50.50, -0.50, 55.639, -5.0000, 60.6387, 0.0000 
50.00, 50.50, -0.50, 55.605, -5.0000, 60.6054, 0.0000 
50.00, 50.50, -0.50, 55.572, -5.0000, 60.5721, 0.0000 
50.00, 50.50, -0.50, 55.539, -5.0000, 60.5388, 0.0000 
50.00, 50.50, -0.50, 55.506, -5.0000, 60.5055, 0.0000 
50.00, 50.50, -0.50, 55.472, -5.0000, 60.4722, 0.0000 
50.00, 50.50, -0.50, 55.439, -5.0000, 60.4389, 0.0000 
50.00, 50.50, -0.50, 55.406, -5.0000, 60.4056, 0.0000 
50.00, 50.50, -0.50, 55.372, -5.0000, 60.3723, 0.0000 
50.00, 50.50, -0.50, 55.339, -5.0000, 60.3390, 0.0000 
50.00, 50.50, -0.50, 55.306, -5.0000, 60.3057, 0.0000 
50.00, 50.50, -0.50, 55.272, -5.0000, 60.2724, 0.0000 
50.00, 50.50, -0.50, 55.239, -5.0000, 60.2391, 0.0000 
50.00, 50.50, -0.50, 55.206, -5.0000, 60.2058, 0.0000 
50.00, 50.50, -0.50, 55.172, -5.0000, 60.1725, 0.0000 
50.00, 50.50, -0.50, 55.139, -5.0000, 60.1392, 0.0000 
50.00, 50.50, -0.50, 55.106, -5.0000, 60.1059, 0.0000 
50.00, 50.50, -0.50, 55.073, -5.0000, 60.0726, 0.0000 
50.00, 50.50, -0.50, 55.039, -5.0000, 60.0393, 0.0000 
50.00, 50.50, -0.50, 55.006, -5.0000, 60.0060, 0.0000 
50.00, 50.50, -0.50, 54.973, -5.0000, 59.9727, 0.0000 
50.00, 50.50, -0.50, 54.939, -5.0000, 59.9394, 0.0000 
50.00, 50.50, -0.50, 54.906, -5.0000, 59.9061, 0.0000 
50.00, 50.50, -0.50, 54.873, -5.0000, 59.8728, 0.0000 
50.00, 50.50, -0.50, 54.839, -5.0000, 59.8395, 0.0000 
50.00, 50.50, -0.50, 54.806, -5.0000, 59.8062, 0.0000 
50.00, 50.50, -0.50, 54.773, -5.0000, 59.7729, 0.0000 
50.00, 50.50, -0.50, 54.740, -5.0000, 59.7396, 0.0000 
50.00, 50.50, -0.50, 54.706, -5.0000, 59.7063, 0.0000 
50.00, 50.50, -0.50, 54.673, -5.0000, 59.6730, 0.0000 
50.00, 50.50, -0.50, 54.640, -5.0000, 59.6397, 0.0000 
50.00, 50.50, -0.50, 54.606, -5.0000, 59.6064, 0.0000 
50.00, 50.50, -0.50, 54.573, -5.0000, 59.5731, 0.0000 
50.00, 50.50, -0.50, 54.540, -5.0000, 59.5398, 0.0000 
50.00, 50.50, -0.50, 54.506, -5.0000, 59.5065, 0.0000 
50.00, 50.50, -0.50, 54.473, -5.0000, 59.4732, 0.0000 
50.00, 50.50, -0.50, 54.440, -5.0000, 59.4399, 0.0000 
50.00, 50.50, -0.50, 54.407, -5.0000, 59.4066, 0.0000 
50.00, 50.50, -0.50, 54.373, -5.0000, 59.3733, 0.0000 
50.00, 50.50, -0.50, 54.340, -5.0000, 59.3400, 0.0000 
50.00, 50.50, -0.50, 54.307, -5.0000, 59.3067, 0.0000 
50.00, 50.50, -0.50, 54.273, -5.0000, 59.2734, 0.0000 
50.00, 50.50, -0.50, 54.240, -5.0000, 59.2401, 0.0000 
50.00, 50.50, -0.50, 54.207, -5.0000, 59.2068, 0.0000 
50.00, 50.50, -0.50, 54.173, -5.0000, 59.1735, 0.0000 
50.00, 50.50, -0.50, 54.140, -5.0000, 59.1402, 0.0000 
50.00, 50.50, -0.50, 54.107, -5.0000, 59.1069, 0.0000 
50.00, 50.50, -0.50, 54.074, -5.0000, 59.0736, 0.0000 
50.00, 50.50, -0.50, 54.040, -5.0000, 59.0403, 0.0000 
50.00, 50.50, -0.50, 54.007, -5.0000, 59.0070, 0.0000 
50.00, 50.50, -0.50, 53.974, -5.0000, 58.9737, 0.0000 
50.00, 50.50, -0.50, 53.940, -5.0000, 58.9404, 0.0000 
50.00, 50.50, -0.50, 53.907, -5.0000, 58.9071, 0.0000 
50.00, 50.50, -0.50, 53.874, -5.0000, 58.8738, 0.0000 
50.00, 50.50, -0.50, 53.840, -5.0000, 58.8405, 0.0000 
50.00, 50.50, -0.50, 53.807, -5.0000, 58.8072, 0.0000 
50.00, 50.50, -0.50, 53.774, -5.0000, 58.7739, 0.0000 
50.00, 50.00, 0.00, 73.789, 0.0000, 58.7739, 15.0150 
50.00, 50.00, 0.00, 58.774, 0.0000, 58.7739, 0.0000 
50.00, 50.00, 0.00, 58.774, 0.0000, 58.7739, 0.0000 
50.00, 50.00, 0.00, 58.774, 0.0000, 58.7739, 0.0000 
50.00, 50.00, 0.00, 58.774, 0.0000, 58.7739, 0.0000 
50.00, 50.00, 0.00, 58.774, 0.0000, 58.7739, 0.0000 
50.00, 50.00, 0.00, 58.774, 0.0000, 58.7739, 0.0000 
50.00, 50.50, -0.50, 38.726, -5.0000, 58.7406, -15.0150 
50.00, 50.00, 0.00, 73.756, 0.0000, 58.7406, 15.0150 
50.00, 50.50, -0.50, 38.692, -5.0000, 58.7073, -15.0150 
50.00, 50.00, 0.00, 73.722, 0.0000, 58.7073, 15.0150 
50.00, 50.00, 0.00, 58.707, 0.0000, 58.7073, 0.0000 
50.00, 50.00, 0.00, 58.707, 0.0000, 58.7073, 0.0000 
50.00, 50.00, 0.00, 58.707, 0.0000, 58.7073, 0.0000 
50.00, 50.00, 0.00, 58.707, 0.0000, 58.7073, 0.0000 
50.00, 50.00, 0.00, 58.707, 0.0000, 58.7073, 0.0000 
50.00, 50.00, 0.00, 58.707, 0.0000, 58.7073, 0.0000 
50.00, 50.50, -0.50, 38.659, -5.0000, 58.6740, -15.0150 
50.00, 50.50, -0.50, 53.641, -5.0000, 58.6407, 0.0000 
50.00, 50.50, -0.50, 53.607, -5.0000, 58.6074, 0.0000 
50.00, 50.50, -0.50, 53.574, -5.0000, 58.5741, 0.0000 
50.00, 50.00, 0.00, 73.589, 0.0000, 58.5741, 15.0150 
50.00, 50.00, 0.00, 58.574, 0.0000, 58.5741, 0.0000 
50.00, 50.00, 0.00, 58.574, 0.0000, 58.5741, 0.0000 
50.00, 50.00, 0.00, 58.574, 0.0000, 58.5741, 0.0000 
50.00, 50.00, 0.00, 58.574, 0.0000, 58.5741, 0.0000 
50.00, 50.50, -0.50, 38.526, -5.0000, 58.5408, -15.0150 
50.00, 50.00, 0.00, 73.556, 0.0000, 58.5408, 15.0150 
50.00, 50.50, -0.50, 38.492, -5.0000, 58.5075, -15.0150 
50.00, 50.50, -0.50, 53.474, -5.0000, 58.4742, 0.0000 
50.00, 50.50, -0.50, 53.441, -5.0000, 58.4409, 0.0000 
50.00, 50.50, -0.50, 53.408, -5.0000, 58.4076, 0.0000 
50.00, 50.50, -0.50, 53.374, -5.0000, 58.3743, 0.0000 
50.00, 50.00, 0.00, 73.389, 0.0000, 58.3743, 15.0150 
50.00, 50.50, -0.50, 38.326, -5.0000, 58.3410, -15.0150 
50.00, 50.00, 0.00, 73.356, 0.0000, 58.3410, 15.0150 
50.00, 50.00, 0.00, 58.341, 0.0000, 58.3410, 0.0000 
50.00, 50.50, -0.50, 38.293, -5.0000, 58.3077, -15.0150 
50.00, 50.00, 0.00, 73.323, 0.0000, 58.3077, 15.0150 
50.00, 50.50, -0.50, 38.259, -5.0000, 58.2744, -15.0150 
50.00, 50.00, 0.00, 73.289, 0.0000, 58.2744, 15.0150 
50.00, 50.00, 0.00, 58.274, 0.0000, 58.2744, 0.0000 
50.00, 50.00, 0.00, 58.274, 0.0000, 58.2744, 0.0000 
50.00, 50.00, 0.00, 58.274, 0.0000, 58.2744, 0.0000 
50.00, 50.00, 0.00, 58.274, 0.0000, 58.2744, 0.0000 
50.00, 50.00, 0.00, 58.274, 0.0000, 58.2744, 0.0000 
50.00, 50.00, 0.00, 58.274, 0.0000, 58.2744, 0.0000 
50.00, 50.00, 0.00, 58.274, 0.0000, 58.2744, 0.0000 
50.00, 50.00, 0.00, 58.274, 0.0000, 58.2744, 0.0000 
50.00, 50.00, 0.00, 58.274, 0.0000, 58.2744, 0.0000 
50.00, 50.00, 0.00, 58.274, 0.0000, 58.2744, 0.0000 
50.00, 50.00, 0.00, 58.274, 0.0000, 58.2744, 0.0000 
50.00, 50.00, 0.00, 58.274, 0.0000, 58.2744, 0.0000 
50.00, 50.00, 0.00, 58.274, 0.0000, 58.2744, 0.0000 
50.00, 50.00, 0.00, 58.274, 0.0000, 58.2744, 0.0000 
50.00, 50.00, 0.00, 58.274, 0.0000, 58.2744, 0.0000 
50.00, 50.00, 0.00, 58.274, 0.0000, 58.2744, 0.0000 
50.00, 50.00, 0.00, 58.274, 0.0000, 58.2744, 0.0000 
50.00, 50.00, 0.00, 58.274, 0.0000, 58.2744, 0.0000 
50.00, 50.00, 0.00, 58.274, 0.0000, 58.2744, 0.0000 
50.00, 50.50, -0.50, 38.226, -5.0000, 58.2411, -15.0150 
50.00, 50.50, -0.50, 53.208, -5.0000, 58.2078, 0.0000 
50.00, 50.50, -0.50, 53.174, -5.0000, 58.1744, 0.0000 
50.00, 50.00, 0.00, 73.189, 0.0000, 58.1744, 15.0150 
50.00, 50.00, 0.00, 58.174, 0.0000, 58.1744, 0.0000 
50.00, 50.00, 0.00, 58.174, 0.0000, 58.1744, 0.0000 
50.00, 50.50, -0.50, 38.126, -5.0000, 58.1412, -15.0150 
50.00, 50.50, -0.50, 53.108, -5.0000, 58.1078, 0.0000 
50.00, 50.50, -0.50, 53.075, -5.0000, 58.0746, 0.0000 
50.00, 50.50, -0.50, 53.041, -5.0000, 58.0412, 0.0000 
50.00, 50.50, -0.50, 53.008, -5.0000, 58.0079, 0.0000 
50.00, 50.00, 0.00, 73.023, 0.0000, 58.0079, 15.0150 
50.00, 50.50, -0.50, 37.960, -5.0000, 57.9746, -15.0150 
50.00, 50.00, 0.00, 72.990, 0.0000, 57.9746, 15.0150 
50.00, 50.50, -0.50, 37.926, -5.0000, 57.9413, -15.0150 
50.00, 50.50, -0.50, 52.908, -5.0000, 57.9080, 0.0000 
50.00, 50.50, -0.50, 52.875, -5.0000, 57.8747, 0.0000 
50.00, 50.50, -0.50, 52.841, -5.0000, 57.8414, 0.0000 
50.00, 50.50, -0.50, 52.808, -5.0000, 57.8081, 0.0000 
50.00, 50.50, -0.50, 52.775, -5.0000, 57.7748, 0.0000 
50.00, 50.50, -0.50, 52.742, -5.0000, 57.7415, 0.0000 
50.00, 50.50, -0.50, 52.708, -5.0000, 57.7082, 0.0000 
50.00, 50.50, -0.50, 52.675, -5.0000, 57.6749, 0.0000 
50.00, 50.00, 0.00, 72.690, 0.0000, 57.6749, 15.0150 
50.00, 50.00, 0.00, 57.675, 0.0000, 57.6749, 0.0000 
50.00, 50.50, -0.50, 37.627, -5.0000, 57.6416, -15.0150 
50.00, 50.50, -0.50, 52.608, -5.0000, 57.6083, 0.0000 
50.00, 50.50, -0.50, 52.575, -5.0000, 57.5750, 0.0000 
50.00, 50.50, -0.50, 52.542, -5.0000, 57.5417, 0.0000 
50.00, 50.50, -0.50, 52.508, -5.0000, 57.5084, 0.0000 
50.00, 50.00, 0.00, 72.523, 0.0000, 57.5084, 15.0150 
50.00, 50.00, 0.00, 57.508, 0.0000, 57.5084, 0.0000 
50.00, 50.00, 0.00, 57.508, 0.0000, 57.5084, 0.0000 
50.00, 50.50, -0.50, 37.460, -5.0000, 57.4751, -15.0150 
50.00, 50.50, -0.50, 52.442, -5.0000, 57.4418, 0.0000 
50.00, 50.50, -0.50, 52.409, -5.0000, 57.4085, 0.0000 
50.00, 50.50, -0.50, 52.375, -5.0000, 57.3752, 0.0000 
50.00, 50.00, 0.00, 72.390, 0.0000, 57.3752, 15.0150 
50.00, 50.00, 0.00, 57.375, 0.0000, 57.3752, 0.0000 
50.00, 50.00, 0.00, 57.375, 0.0000, 57.3752, 0.0000 
50.00, 50.00, 0.00, 57.375, 0.0000, 57.3752, 0.0000 
50.00, 50.00, 0.00, 57.375, 0.0000, 57.3752, 0.0000 
50.00, 50.50, -0.50, 37.327, -5.0000, 57.3419, -15.0150 
50.00, 50.00, 0.00, 72.357, 0.0000, 57.3419, 15.0150 
50.00, 50.50, -0.50, 37.294, -5.0000, 57.3086, -15.0150 
50.00, 50.00, 0.00, 72.324, 0.0000, 57.3086, 15.0150 
50.00, 50.50, -0.50, 37.260, -5.0000, 57.2753, -15.0150 
50.00, 50.50, -0.50, 52.242, -5.0000, 57.2420, 0.0000 
50.00, 50.50, -0.50, 52.209, -5.0000, 57.2087, 0.0000 
50.00, 50.00, 0.00, 72.224, 0.0000, 57.2087, 15.0150 
50.00, 50.50, -0.50, 37.160, -5.0000, 57.1754, -15.0150 
50.00, 50.00, 0.00, 72.190, 0.0000, 57.1754, 15.0150 
50.00, 50.00, 0.00, 57.175, 0.0000, 57.1754, 0.0000 
50.00, 50.00, 0.00, 57.175, 0.0000, 57.1754, 0.0000 
50.00, 50.00, 0.00, 57.175, 0.0000, 57.1754, 0.0000 
50.00, 50.50, -0.50, 37.127, -5.0000, 57.1421, -15.0150 
50.00, 50.00, 0.00, 72.157, 0.0000, 57.1421, 15.0150 
50.00, 50.50, -0.50, 37.094, -5.0000, 57.1088, -15.0150 
50.00, 50.50, -0.50, 52.076, -5.0000, 57.0755, 0.0000 
50.00, 50.00, 0.00, 72.091, 0.0000, 57.0755, 15.0150 
50.00, 50.00, 0.00, 57.076, 0.0000, 57.0755, 0.0000 
50.00, 50.00, 0.00, 57.076, 0.0000, 57.0755, 0.0000 
50.00, 50.00, 0.00, 57.076, 0.0000, 57.0755, 0.0000 
50.00, 50.50, -0.50, 37.027, -5.0000, 57.0422, -15.0150 
50.00, 50.50, -0.50, 52.009, -5.0000, 57.0089, 0.0000 
50.00, 50.00, 0.00, 72.024, 0.0000, 57.0089, 15.0150 
50.00, 50.50, -0.50, 36.961, -5.0000, 56.9756, -15.0150 
50.00, 50.00, 0.00, 71.991, 0.0000, 56.9756, 15.0150 
50.00, 50.00, 0.00, 56.976, 0.0000, 56.9756, 0.0000 
50.00, 50.00, 0.00, 56.976, 0.0000, 56.9756, 0.0000 
50.00, 50.00, 0.00, 56.976, 0.0000, 56.9756, 0.0000 
50.00, 50.50, -0.50, 36.927, -5.0000, 56.9423, -15.0150 
50.00, 50.00, 0.00, 71.957, 0.0000, 56.9423, 15.0150 
50.00, 50.00, 0.00, 56.942, 0.0000, 56.9423, 0.0000 
50.00, 50.00, 0.00, 56.942, 0.0000, 56.9423, 0.0000 
50.00, 50.00, 0.00, 56.942, 0.0000, 56.9423, 0.0000 
50.00, 50.00, 0.00, 56.942, 0.0000, 56.9423, 0.0000 
50.00, 50.00, 0.00, 56.942, 0.0000, 56.9423, 0.0000 
50.00, 50.00, 0.00, 56.942, 0.0000, 56.9423, 0.0000 
50.00, 50.00, 0.00, 56.942, 0.0000, 56.9423, 0.0000 
50.00, 50.00, 0.00, 56.942, 0.0000, 56.9423, 0.0000 
50.00, 50.00, 0.00, 56.942, 0.0000, 56.9423, 0.0000 
50.00, 50.00, 0.00, 56.942, 0.0000, 56.9423, 0.0000 
50.00, 50.00, 0.00, 56.942, 0.0000, 56.9423, 0.0000 
50.00, 50.00, 0.00, 56.942, 0.0000, 56.9423, 0.0000 
50.00, 50.00, 0.00, 56.942, 0.0000, 56.9423, 0.0000 
50.00, 50.00, 0.00, 56.942, 0.0000, 56.9423, 0.0000 
50.00, 50.00, 0.00, 56.942, 0.0000, 56.9423, 0.0000 
50.00, 50.00, 0.00, 56.942, 0.0000, 56.9423, 0.0000 
50.00, 50.00, 0.00, 56.942, 0.0000, 56.9423, 0.0000 
50.00, 50.00, 0.00, 56.942, 0.0000, 56.9423, 0.0000 
50.00, 50.00, 0.00, 56.942, 0.0000, 56.9423, 0.0000 
50.00, 50.50, -0.50, 36.894, -5.0000, 56.9090, -15.0150 
50.00, 50.50, -0.50, 51.876, -5.0000, 56.8757, 0.0000 
50.00, 50.50, -0.50, 51.842, -5.0000, 56.8424, 0.0000 
50.00, 50.50, -0.50, 51.809, -5.0000, 56.8091, 0.0000 
50.00, 50.50, -0.50, 51.776, -5.0000, 56.7758, 0.0000 
50.00, 50.00, 0.00, 71.791, 0.0000, 56.7758, 15.0150 
50.00, 50.00, 0.00, 56.776, 0.0000, 56.7758, 0.0000 
50.00, 50.00, 0.00, 56.776, 0.0000, 56.7758, 0.0000 
50.00, 50.00, 0.00, 56.776, 0.0000, 56.7758, 0.0000 
50.00, 50.00, 0.00, 56.776, 0.0000, 56.7758, 0.0000 
50.00, 50.00, 0.00, 56.776, 0.0000, 56.7758, 0.0000 
50.00, 50.00, 0.00, 56.776, 0.0000, 56.7758, 0.0000 
50.00, 50.00, 0.00, 56.776, 0.0000, 56.7758, 0.0000 
50.00, 50.00, 0.00, 56.776, 0.0000, 56.7758, 0.0000 
50.00, 50.00, 0.00, 56.776, 0.0000, 56.7758, 0.0000 
50.00, 50.00, 0.00, 56.776, 0.0000, 56.7758, 0.0000 
50.00, 50.00, 0.00, 56.776, 0.0000, 56.7758, 0.0000 
50.00, 50.00, 0.00, 56.776, 0.0000, 56.7758, 0.0000 
50.00, 50.00, 0.00, 56.776, 0.0000, 56.7758, 0.0000 
50.00, 50.00, 0.00, 56.776, 0.0000, 56.7758, 0.0000 
50.00, 50.50, -0.50, 36.728, -5.0000, 56.7425, -15.0150 
50.00, 50.50, -0.50, 51.709, -5.0000, 56.7092, 0.0000 
50.00, 50.00, 0.00, 71.724, 0.0000, 56.7092, 15.0150 
50.00, 50.50, -0.50, 36.661, -5.0000, 56.6759, -15.0150 
50.00, 50.50, -0.50, 51.643, -5.0000, 56.6426, 0.0000 
50.00, 50.50, -0.50, 51.609, -5.0000, 56.6093, 0.0000 
50.00, 50.00, 0.00, 71.624, 0.0000, 56.6093, 15.0150 
50.00, 50.00, 0.00, 56.609, 0.0000, 56.6093, 0.0000 
50.00, 50.00, 0.00, 56.609, 0.0000, 56.6093, 0.0000 
50.00, 50.00, 0.00, 56.609, 0.0000, 56.6093, 0.0000 
50.00, 50.00, 0.00, 56.609, 0.0000, 56.6093, 0.0000 
50.00, 50.50, -0.50, 36.561, -5.0000, 56.5760, -15.0150 
50.00, 50.50, -0.50, 51.543, -5.0000, 56.5427, 0.0000 
50.00, 50.50, -0.50, 51.509, -5.0000, 56.5094, 0.0000 
50.00, 50.50, -0.50, 51.476, -5.0000, 56.4761, 0.0000 
50.00, 50.50, -0.50, 51.443, -5.0000, 56.4428, 0.0000 
50.00, 50.00, 0.00, 71.458, 0.0000, 56.4428, 15.0150 
50.00, 50.00, 0.00, 56.443, 0.0000, 56.4428, 0.0000 
50.00, 50.00, 0.00, 56.443, 0.0000, 56.4428, 0.0000 
50.00, 50.00, 0.00, 56.443, 0.0000, 56.4428, 0.0000 
50.00, 50.00, 0.00, 56.443, 0.0000, 56.4428, 0.0000 
50.00, 50.00, 0.00, 56.443, 0.0000, 56.4428, 0.0000 
50.00, 50.00, 0.00, 56.443, 0.0000, 56.4428, 0.0000 
50.00, 50.00, 0.00, 56.443, 0.0000, 56.4428, 0.0000 
50.00, 50.00, 0.00, 56.443, 0.0000, 56.4428, 0.0000 
50.00, 50.00, 0.00, 56.443, 0.0000, 56.4428, 0.0000 
50.00, 50.00, 0.00, 56.443, 0.0000, 56.4428, 0.0000 
50.00, 50.50, -0.50, 36.394, -5.0000, 56.4095, -15.0150 
50.00, 50.50, -0.50, 51.376, -5.0000, 56.3762, 0.0000 
50.00, 50.00, 0.00, 71.391, 0.0000, 56.3762, 15.0150 
50.00, 50.00, 0.00, 56.376, 0.0000, 56.3762, 0.0000 
50.00, 50.50, -0.50, 36.328, -5.0000, 56.3429, -15.0150 
50.00, 50.50, -0.50, 51.310, -5.0000, 56.3096, 0.0000 
50.00, 50.50, -0.50, 51.276, -5.0000, 56.2763, 0.0000 
50.00, 50.50, -0.50, 51.243, -5.0000, 56.2430, 0.0000 
50.00, 50.00, 0.00, 71.258, 0.0000, 56.2430, 15.0150 
50.00, 50.00, 0.00, 56.243, 0.0000, 56.2430, 0.0000 
50.00, 50.50, -0.50, 36.195, -5.0000, 56.2097, -15.0150 
50.00, 50.50, -0.50, 51.176, -5.0000, 56.1764, 0.0000 
50.00, 50.00, 0.00, 71.191, 0.0000, 56.1764, 15.0150 
50.00, 50.00, 0.00, 56.176, 0.0000, 56.1764, 0.0000 
50.00, 50.00, 0.00, 56.176, 0.0000, 56.1764, 0.0000 
50.00, 50.50, -0.50, 36.128, -5.0000, 56.1431, -15.0150 
50.00, 50.50, -0.50, 51.110, -5.0000, 56.1098, 0.0000 
50.00, 50.50, -0.50, 51.077, -5.0000, 56.0765, 0.0000 
50.00, 50.50, -0.50, 51.043, -5.0000, 56.0432, 0.0000 
50.00, 50.50, -0.50, 51.010, -5.0000, 56.0099, 0.0000 
50.00, 50.00, 0.00, 71.025, 0.0000, 56.0099, 15.0150 
50.00, 50.50, -0.50, 35.962, -5.0000, 55.9766, -15.0150 
50.00, 50.00, 0.00, 70.992, 0.0000, 55.9766, 15.0150 
50.00, 50.50, -0.50, 35.928, -5.0000, 55.9433, -15.0150 
50.00, 50.50, -0.50, 50.910, -5.0000, 55.9100, 0.0000 
50.00, 50.00, 0.00, 70.925, 0.0000, 55.9100, 15.0150 
50.00, 50.00, 0.00, 55.910, 0.0000, 55.9100, 0.0000 
50.00, 50.00, 0.00, 55.910, 0.0000, 55.9100, 0.0000 
50.00, 50.00, 0.00, 55.910, 0.0000, 55.9100, 0.0000 
50.00, 50.00, 0.00, 55.910, 0.0000, 55.9100, 0.0000 
50.00, 50.00, 0.00, 55.910, 0.0000, 55.9100, 0.0000 
50.00, 50.00, 0.00, 55.910, 0.0000, 55.9100, 0.0000 
50.00, 50.00, 0.00, 55.910, 0.0000, 55.9100, 0.0000 
50.00, 50.00, 0.00, 55.910, 0.0000, 55.9100, 0.0000 
50.00, 50.00, 0.00, 55.910, 0.0000, 55.9100, 0.0000 
50.00, 50.00, 0.00, 55.910, 0.0000, 55.9100, 0.0000 
50.00, 50.00, 0.00, 55.910, 0.0000, 55.9100, 0.0000 
50.00, 50.00, 0.00, 55.910, 0.0000, 55.9100, 0.0000 
50.00, 50.00, 0.00, 55.910, 0.0000, 55.9100, 0.0000 
50.00, 50.00, 0.00, 55.910, 0.0000, 55.9100, 0.0000 
50.00, 50.00, 0.00, 55.910, 0.0000, 55.9100, 0.0000 
50.00, 50.00, 0.00, 55.910, 0.0000, 55.9100, 0.0000 
50.00, 50.00, 0.00, 55.910, 0.0000, 55.9100, 0.0000 
50.00, 50.00, 0.00, 55.910, 0.0000, 55.9100, 0.0000 
50.00, 50.00, 0.00, 55.910, 0.0000, 55.9100, 0.0000 
50.00, 50.00, 0.00, 55.910, 0.0000, 55.9100, 0.0000 
50.00, 50.00, 0.00, 55.910, 0.0000, 55.9100, 0.0000 
50.00, 50.00, 0.00, 55.910, 0.0000, 55.9100, 0.0000 
50.00, 50.00, 0.00, 55.910, 0.0000, 55.9100, 0.0000 
50.00, 50.00, 0.00, 55.910, 0.0000, 55.9100, 0.0000 
50.00, 50.00, 0.00, 55.910, 0.0000, 55.9100, 0.0000 
50.00, 50.00, 0.00, 55.910, 0.0000, 55.9100, 0.0000 
50.00, 50.00, 0.00, 55.910, 0.0000, 55.9100, 0.0000 
50.00, 50.00, 0.00, 55.910, 0.0000, 55.9100, 0.0000 
50.00, 50.00, 0.00, 55.910, 0.0000, 55.9100, 0.0000 
50.00, 50.00, 0.00, 55.910, 0.0000, 55.9100, 0.0000 
50.00, 50.00, 0.00, 55.910, 0.0000, 55.9100, 0.0000 
50.00, 50.00, 0.00, 55.910, 0.0000, 55.9100, 0.0000 
50.00, 50.00, 0.00, 55.910, 0.0000, 55.9100, 0.0000 
50.00, 50.00, 0.00, 55.910, 0.0000, 55.9100, 0.0000 
50.00, 50.00, 0.00, 55.910, 0.0000, 55.9100, 0.0000 
50.00, 50.00, 0.00, 55.910, 0.0000, 55.9100, 0.0000 
50.00, 50.00, 0.00, 55.910, 0.0000, 55.9100, 0.0000 
50.00, 50.00, 0.00, 55.910, 0.0000, 55.9100, 0.0000 
