Temperature control application started
Kp: 20.000000, Ki: 0.200000, Kd: 0.000000
30.00, 30.00, 0.00, 10.057, 0.0000, 10.0566, -0.0000 
30.00, 30.00, 0.00, 10.057, 0.0000, 10.0566, 0.0000 
30.00, 30.00, 0.00, 10.057, 0.0000, 10.0566, 0.0000 
30.00, 30.00, 0.00, 10.057, 0.0000, 10.0566, 0.0000 
30.00, 30.00, 0.00, 10.057, 0.0000, 10.0566, 0.0000 
30.00, 30.00, 0.00, 10.057, 0.0000, 10.0566, 0.0000 
30.00, 30.00, 0.00, 10.057, 0.0000, 10.0566, 0.0000 
30.00, 30.00, 0.00, 10.057, 0.0000, 10.0566, 0.0000 
30.00, 30.00, 0.00, 10.057, 0.0000, 10.0566, 0.0000 
30.00, 30.00, 0.00, 10.057, 0.0000, 10.0566, 0.0000 
30.00, 30.00, 0.00, 10.057, 0.0000, 10.0566, 0.0000 
30.00, 30.00, 0.00, 10.057, 0.0000, 10.0566, 0.0000 
30.00, 30.00, 0.00, 10.057, 0.0000, 10.0566, 0.0000 
30.00, 30.00, 0.00, 10.057, 0.0000, 10.0566, 0.0000 
30.00, 30.00, 0.00, 10.057, 0.0000, 10.0566, 0.0000 
30.00, 30.00, 0.00, 10.057, 0.0000, 10.0566, 0.0000 
30.00, 30.00, 0.00, 10.057, 0.0000, 10.0566, 0.0000 
30.00, 30.00, 0.00, 10.057, 0.0000, 10.0566, 0.0000 
30.00, 30.00, 0.00, 10.057, 0.0000, 10.0566, 0.0000 
30.00, 30.00, 0.00, 10.057, 0.0000, 10.0566, 0.0000 
30.00, 30.00, 0.00, 10.057, 0.0000, 10.0566, 0.0000 
30.00, 30.00, 0.00, 10.057, 0.0000, 10.0566, 0.0000 
30.00, 30.00, 0.00, 10.057, 0.0000, 10.0566, 0.0000 
30.00, 30.00, 0.00, 10.057, 0.0000, 10.0566, 0.0000 
30.00, 30.00, 0.00, 10.057, 0.0000, 10.0566, 0.0000 
30.00, 30.00, 0.00, 10.057, 0.0000, 10.0566, 0.0000 
30.00, 30.00, 0.00, 10.057, 0.0000, 10.0566, 0.0000 
30.00, 30.00, 0.00, 10.057, 0.0000, 10.0566, 0.0000 
30.00, 30.00, 0.00, 10.057, 0.0000, 10.0566, 0.0000 
30.00, 30.00, 0.00, 10.057, 0.0000, 10.0566, 0.0000 
30.00, 30.00, 0.00, 10.057, 0.0000, 10.0566, 0.0000 
30.00, 30.00, 0.00, 10.057, 0.0000, 10.0566, 0.0000 
50.00, 30.00, 20.00, 100.000, 400.0000, 11.3886, 0.0000 
50.00, 30.00, 20.00, 100.000, 400.0000, 12.7206, 0.0000 
50.00, 30.00, 20.00, 100.000, 400.0000, 14.0526, 0.0000 
50.00, 30.00, 20.00, 100.000, 400.0000, 15.3846, 0.0000 
50.00, 30.00, 20.00, 100.000, 400.0000, 16.7166, 0.0000 
50.00, 30.00, 20.00, 100.000, 400.0000, 18.0486, 0.0000 
50.00, 30.50, 19.50, 100.000, 390.0000, 19.3473, -0.0000 
50.00, 30.50, 19.50, 100.000, 390.0000, 20.6460, 0.0000 
50.00, 31.00, 19.00, 100.000, 380.0000, 21.9114, -0.0000 
50.00, 31.00, 19.00, 100.000, 380.0000, 23.1768, 0.0000 
50.00, 31.00, 19.00, 100.000, 380.0000, 24.4422, 0.0000 
50.00, 31.50, 18.50, 100.000, 370.0000, 25.6743, -0.0000 
50.00, 31.50, 18.50, 100.000, 370.0000, 26.9064, 0.0000 
50.00, 32.00, 18.00, 100.000, 360.0000, 28.1052, -0.0000 
50.00, 32.00, 18.00, 100.000, 360.0000, 29.3040, 0.0000 
50.00, 32.50, 17.50, 100.000, 350.0000, 30.4695, -0.0000 
50.00, 32.50, 17.50, 100.000, 350.0000, 31.6350, 0.0000 
50.00, 33.00, 17.00, 100.000, 340.0000, 32.7672, -0.0000 
50.00, 33.00, 17.00, 100.000, 340.0000, 33.8994, 0.0000 
50.00, 33.50, 16.50, 100.000, 330.0000, 34.9983, -0.0000 
50.00, 33.50, 16.50, 100.000, 330.0000, 36.0972, 0.0000 
50.00, 33.50, 16.50, 100.000, 330.0000, 37.1961, 0.0000 
50.00, 34.00, 16.00, 100.000, 320.0000, 38.2617, -0.0000 
50.00, 34.00, 16.00, 100.000, 320.0000, 39.3273, 0.0000 
50.00, 34.50, 15.50, 100.000, 310.0000, 40.3596, -0.0000 
50.00, 34.50, 15.50, 100.000, 310.0000, 41.3919, 0.0000 
50.00, 34.50, 15.50, 100.000, 310.0000, 42.4242, 0.0000 
50.00, 35.00, 15.00, 100.000, 300.0000, 43.4232, -0.0000 
50.00, 35.00, 15.00, 100.000, 300.0000, 44.4222, 0.0000 
50.00, 35.50, 14.50, 100.000, 290.0000, 45.3879, -0.0000 
50.00, 35.50, 14.50, 100.000, 290.0000, 46.3536, 0.0000 
50.00, 36.00, 14.00, 100.000, 280.0000, 47.2860, -0.0000 
50.00, 36.00, 14.00, 100.000, 280.0000, 48.2184, 0.0000 
50.00, 36.00, 14.00, 100.000, 280.0000, 49.1508, 0.0000 
50.00, 36.50, 13.50, 100.000, 270.0000, 50.0499, -0.0000 
50.00, 36.50, 13.50, 100.000, 270.0000, 50.9490, 0.0000 
50.00, 37.00, 13.00, 100.000, 260.0000, 51.8148, -0.0000 
50.00, 37.00, 13.00, 100.000, 260.0000, 52.6806, 0.0000 
50.00, 37.00, 13.00, 100.000, 260.0000, 53.5464, 0.0000 
50.00, 37.50, 12.50, 100.000, 250.0000, 54.3789, -0.0000 
50.00, 37.50, 12.50, 100.000, 250.0000, 55.2114, 0.0000 
50.00, 38.00, 12.00, 100.000, 240.0000, 56.0106, -0.0000 
50.00, 38.00, 12.00, 100.000, 240.0000, 56.8098, 0.0000 
50.00, 38.00, 12.00, 100.000, 240.0000, 57.6090, 0.0000 
50.00, 38.50, 11.50, 100.000, 230.0000, 58.3749, -0.0000 
50.00, 38.50, 11.50, 100.000, 230.0000, 59.1408, 0.0000 
50.00, 39.00, 11.00, 100.000, 220.0000, 59.8734, -0.0000 
50.00, 39.00, 11.00, 100.000, 220.0000, 60.6060, 0.0000 
50.00, 39.00, 11.00, 100.000, 220.0000, 61.3386, 0.0000 
50.00, 39.50, 10.50, 100.000, 210.0000, 62.0379, -0.0000 
50.00, 39.50, 10.50, 100.000, 210.0000, 62.7372, 0.0000 
50.00, 39.50, 10.50, 100.000, 210.0000, 63.4365, 0.0000 
50.00, 40.00, 10.00, 100.000, 200.0000, 64.1025, -0.0000 
50.00, 40.00, 10.00, 100.000, 200.0000, 64.7685, 0.0000 
50.00, 40.00, 10.00, 100.000, 200.0000, 65.4345, 0.0000 
50.00, 40.50, 9.50, 100.000, 190.0000, 66.0672, -0.0000 
50.00, 40.50, 9.50, 100.000, 190.0000, 66.6999, 0.0000 
50.00, 40.50, 9.50, 100.000, 190.0000, 67.3326, 0.0000 
50.00, 41.00, 9.00, 100.000, 180.0000, 67.9320, -0.0000 
50.00, 41.00, 9.00, 100.000, 180.0000, 68.5314, 0.0000 
50.00, 41.50, 8.50, 100.000, 170.0000, 69.0975, -0.0000 
50.00, 41.50, 8.50, 100.000, 170.0000, 69.6636, 0.0000 
50.00, 41.50, 8.50, 100.000, 170.0000, 70.2297, 0.0000 
50.00, 42.00, 8.00, 100.000, 160.0000, 70.7625, -0.0000 
50.00, 42.00, 8.00, 100.000, 160.0000, 71.2953, 0.0000 
50.00, 42.00, 8.00, 100.000, 160.0000, 71.8281, 0.0000 
50.00, 42.00, 8.00, 100.000, 160.0000, 72.3609, 0.0000 
50.00, 42.50, 7.50, 100.000, 150.0000, 72.8604, -0.0000 
50.00, 42.50, 7.50, 100.000, 150.0000, 73.3599, 0.0000 
50.00, 42.50, 7.50, 100.000, 150.0000, 73.8594, 0.0000 
50.00, 43.00, 7.00, 100.000, 140.0000, 74.3256, -0.0000 
50.00, 43.00, 7.00, 100.000, 140.0000, 74.7918, 0.0000 
50.00, 43.00, 7.00, 100.000, 140.0000, 75.2580, 0.0000 
50.00, 43.50, 6.50, 100.000, 130.0000, 75.6909, -0.0000 
50.00, 43.50, 6.50, 100.000, 130.0000, 76.1238, 0.0000 
50.00, 43.50, 6.50, 100.000, 130.0000, 76.5567, 0.0000 
50.00, 44.00, 6.00, 100.000, 120.0000, 76.9563, -0.0000 
50.00, 44.00, 6.00, 100.000, 120.0000, 77.3559, 0.0000 
50.00, 44.00, 6.00, 100.000, 120.0000, 77.7555, 0.0000 
50.00, 44.00, 6.00, 100.000, 120.0000, 78.1551, 0.0000 
50.00, 44.50, 5.50, 100.000, 110.0000, 78.5214, -0.0000 
50.00, 44.50, 5.50, 100.000, 110.0000, 78.8877, 0.0000 
50.00, 44.50, 5.50, 100.000, 110.0000, 79.2540, 0.0000 
50.00, 45.00, 5.00, 100.000, 100.0000, 79.5870, -0.0000 
50.00, 45.00, 5.00, 100.000, 100.0000, 79.9200, 0.0000 
50.00, 45.00, 5.00, 100.000, 100.0000, 80.2530, 0.0000 
50.00, 45.00, 5.00, 100.000, 100.0000, 80.5860, 0.0000 
50.00, 45.00, 5.00, 100.000, 100.0000, 80.9190, 0.0000 
50.00, 45.50, 4.50, 100.000, 90.0000, 81.2187, -0.0000 
50.00, 45.50, 4.50, 100.000, 90.0000, 81.5184, 0.0000 
50.00, 45.50, 4.50, 100.000, 90.0000, 81.8181, 0.0000 
50.00, 46.00, 4.00, 100.000, 80.0000, 82.0845, -0.0000 
50.00, 46.00, 4.00, 100.000, 80.0000, 82.3509, 0.0000 
50.00, 46.00, 4.00, 100.000, 80.0000, 82.6173, 0.0000 
50.00, 46.00, 4.00, 100.000, 80.0000, 82.8837, 0.0000 
50.00, 46.00, 4.00, 100.000, 80.0000, 83.1501, 0.0000 
50.00, 46.50, 3.50, 100.000, 70.0000, 83.3832, -0.0000 
50.00, 46.50, 3.50, 100.000, 70.0000, 83.6163, 0.0000 
50.00, 46.50, 3.50, 100.000, 70.0000, 83.8494, 0.0000 
50.00, 47.00, 3.00, 100.000, 60.0000, 84.0492, -0.0000 
50.00, 47.00, 3.00, 100.000, 60.0000, 84.2490, 0.0000 
50.00, 47.00, 3.00, 100.000, 60.0000, 84.4488, 0.0000 
50.00, 47.00, 3.00, 100.000, 60.0000, 84.6486, 0.0000 
50.00, 47.00, 3.00, 100.000, 60.0000, 84.8484, 0.0000 
50.00, 47.50, 2.50, 100.000, 50.0000, 85.0149, -0.0000 
50.00, 47.50, 2.50, 100.000, 50.0000, 85.1814, 0.0000 
50.00, 47.50, 2.50, 100.000, 50.0000, 85.3479, 0.0000 
50.00, 47.50, 2.50, 100.000, 50.0000, 85.5144, 0.0000 
50.00, 48.00, 2.00, 100.000, 40.0000, 85.6476, -0.0000 
50.00, 48.00, 2.00, 100.000, 40.0000, 85.7808, 0.0000 
50.00, 48.00, 2.00, 100.000, 40.0000, 85.9140, 0.0000 
50.00, 48.00, 2.00, 100.000, 40.0000, 86.0472, 0.0000 
50.00, 48.50, 1.50, 100.000, 30.0000, 86.1471, -0.0000 
50.00, 48.50, 1.50, 100.000, 30.0000, 86.2470, 0.0000 
50.00, 48.50, 1.50, 100.000, 30.0000, 86.3469, 0.0000 
50.00, 48.50, 1.50, 100.000, 30.0000, 86.4468, 0.0000 
50.00, 48.50, 1.50, 100.000, 30.0000, 86.5467, 0.0000 
50.00, 49.00, 1.00, 100.000, 20.0000, 86.6133, -0.0000 
50.00, 49.00, 1.00, 100.000, 20.0000, 86.6799, 0.0000 
50.00, 49.00, 1.00, 100.000, 20.0000, 86.7465, 0.0000 
50.00, 49.00, 1.00, 100.000, 20.0000, 86.8131, 0.0000 
50.00, 49.50, 0.50, 96.846, 10.0000, 86.8464, -0.0000 
50.00, 49.50, 0.50, 96.880, 10.0000, 86.8797, 0.0000 
50.00, 49.50, 0.50, 96.913, 10.0000, 86.9130, 0.0000 
50.00, 49.50, 0.50, 96.946, 10.0000, 86.9463, 0.0000 
50.00, 49.50, 0.50, 96.980, 10.0000, 86.9796, 0.0000 
50.00, 49.50, 0.50, 97.013, 10.0000, 87.0129, 0.0000 
50.00, 50.00, 0.00, 87.013, 0.0000, 87.0129, -0.0000 
50.00, 50.00, 0.00, 87.013, 0.0000, 87.0129, 0.0000 
50.00, 50.00, 0.00, 87.013, 0.0000, 87.0129, 0.0000 
50.00, 50.00, 0.00, 87.013, 0.0000, 87.0129, 0.0000 
50.00, 50.00, 0.00, 87.013, 0.0000, 87.0129, 0.0000 
50.00, 50.00, 0.00, 87.013, 0.0000, 87.0129, 0.0000 
50.00, 50.50, -0.50, 76.980, -10.0000, 86.9796, -0.0000 
50.00, 50.50, -0.50, 76.946, -10.0000, 86.9463, 0.0000 
50.00, 50.50, -0.50, 76.913, -10.0000, 86.9130, 0.0000 
50.00, 50.50, -0.50, 76.880, -10.0000, 86.8797, 0.0000 
50.00, 50.50, -0.50, 76.846, -10.0000, 86.8464, 0.0000 
50.00, 50.50, -0.50, 76.813, -10.0000, 86.8131, 0.0000 
50.00, 50.50, -0.50, 76.780, -10.0000, 86.7798, 0.0000 
50.00, 50.50, -0.50, 76.747, -10.0000, 86.7465, 0.0000 
50.00, 50.50, -0.50, 76.713, -10.0000, 86.7132, 0.0000 
50.00, 50.50, -0.50, 76.680, -10.0000, 86.6799, 0.0000 
50.00, 50.50, -0.50, 76.647, -10.0000, 86.6466, 0.0000 
50.00, 50.50, -0.50, 76.613, -10.0000, 86.6133, 0.0000 
50.00, 50.50, -0.50, 76.580, -10.0000, 86.5800, 0.0000 
50.00, 50.50, -0.50, 76.547, -10.0000, 86.5467, 0.0000 
50.00, 51.00, -1.00, 66.480, -20.0000, 86.4801, -0.0000 
50.00, 51.00, -1.00, 66.413, -20.0000, 86.4135, 0.0000 
50.00, 51.00, -1.00, 66.347, -20.0000, 86.3469, 0.0000 
50.00, 51.00, -1.00, 66.280, -20.0000, 86.2803, 0.0000 
50.00, 51.00, -1.00, 66.214, -20.0000, 86.2137, 0.0000 
50.00, 51.00, -1.00, 66.147, -20.0000, 86.1471, 0.0000 
50.00, 51.00, -1.00, 66.080, -20.0000, 86.0805, 0.0000 
50.00, 51.00, -1.00, 66.014, -20.0000, 86.0139, 0.0000 
50.00, 51.00, -1.00, 65.947, -20.0000, 85.9473, 0.0000 
50.00, 51.00, -1.00, 65.881, -20.0000, 85.8807, 0.0000 
50.00, 51.00, -1.00, 65.814, -20.0000, 85.8141, 0.0000 
50.00, 51.00, -1.00, 65.747, -20.0000, 85.7475, 0.0000 
50.00, 51.00, -1.00, 65.681, -20.0000, 85.6809, 0.0000 
50.00, 51.00, -1.00, 65.614, -20.0000, 85.6143, 0.0000 
50.00, 51.00, -1.00, 65.548, -20.0000, 85.5477, 0.0000 
50.00, 51.00, -1.00, 65.481, -20.0000, 85.4811, 0.0000 
50.00, 51.00, -1.00, 65.414, -20.0000, 85.4145, 0.0000 
50.00, 50.50, -0.50, 75.381, -10.0000, 85.3812, 0.0000 
50.00, 51.00, -1.00, 65.315, -20.0000, 85.3146, -0.0000 
50.00, 50.50, -0.50, 75.281, -10.0000, 85.2813, 0.0000 
50.00, 50.50, -0.50, 75.248, -10.0000, 85.2480, 0.0000 
50.00, 51.00, -1.00, 65.181, -20.0000, 85.1814, -0.0000 
50.00, 50.50, -0.50, 75.148, -10.0000, 85.1481, 0.0000 
50.00, 50.50, -0.50, 75.115, -10.0000, 85.1148, 0.0000 
50.00, 51.00, -1.00, 65.048, -20.0000, 85.0482, -0.0000 
50.00, 50.50, -0.50, 75.015, -10.0000, 85.0149, 0.0000 
50.00, 51.00, -1.00, 64.948, -20.0000, 84.9483, -0.0000 
50.00, 51.00, -1.00, 64.882, -20.0000, 84.8817, 0.0000 
50.00, 51.00, -1.00, 64.815, -20.0000, 84.8151, 0.0000 
50.00, 50.50, -0.50, 74.782, -10.0000, 84.7818, 0.0000 
50.00, 50.50, -0.50, 74.748, -10.0000, 84.7485, 0.0000 
50.00, 50.50, -0.50, 74.715, -10.0000, 84.7152, 0.0000 
50.00, 50.50, -0.50, 74.682, -10.0000, 84.6819, 0.0000 
50.00, 50.50, -0.50, 74.649, -10.0000, 84.6486, 0.0000 
50.00, 51.00, -1.00, 64.582, -20.0000, 84.5820, -0.0000 
50.00, 51.00, -1.00, 64.515, -20.0000, 84.5154, 0.0000 
50.00, 51.00, -1.00, 64.449, -20.0000, 84.4488, 0.0000 
50.00, 51.00, -1.00, 64.382, -20.0000, 84.3821, 0.0000 
50.00, 51.00, -1.00, 64.316, -20.0000, 84.3155, 0.0000 
50.00, 51.00, -1.00, 64.249, -20.0000, 84.2489, 0.0000 
50.00, 51.00, -1.00, 64.182, -20.0000, 84.1823, 0.0000 
50.00, 51.00, -1.00, 64.116, -20.0000, 84.1157, 0.0000 
50.00, 51.00, -1.00, 64.049, -20.0000, 84.0491, 0.0000 
50.00, 51.00, -1.00, 63.983, -20.0000, 83.9825, 0.0000 
50.00, 51.00, -1.00, 63.916, -20.0000, 83.9159, 0.0000 
50.00, 51.00, -1.00, 63.849, -20.0000, 83.8493, 0.0000 
50.00, 50.50, -0.50, 73.816, -10.0000, 83.8160, 0.0000 
50.00, 50.50, -0.50, 73.783, -10.0000, 83.7827, 0.0000 
50.00, 50.50, -0.50, 73.749, -10.0000, 83.7494, 0.0000 
50.00, 50.50, -0.50, 73.716, -10.0000, 83.7161, 0.0000 
50.00, 50.50, -0.50, 73.683, -10.0000, 83.6828, 0.0000 
50.00, 50.50, -0.50, 73.650, -10.0000, 83.6495, 0.0000 
50.00, 50.50, -0.50, 73.616, -10.0000, 83.6162, 0.0000 
50.00, 50.50, -0.50, 73.583, -10.0000, 83.5829, 0.0000 
50.00, 50.50, -0.50, 73.550, -10.0000, 83.5496, 0.0000 
50.00, 50.50, -0.50, 73.516, -10.0000, 83.5163, 0.0000 
50.00, 50.50, -0.50, 73.483, -10.0000, 83.4830, 0.0000 
50.00, 51.00, -1.00, 63.416, -20.0000, 83.4164, -0.0000 
50.00, 51.00, -1.00, 63.350, -20.0000, 83.3498, 0.0000 
50.00, 51.00, -1.00, 63.283, -20.0000, 83.2832, 0.0000 
50.00, 51.00, -1.00, 63.217, -20.0000, 83.2166, 0.0000 
50.00, 51.00, -1.00, 63.150, -20.0000, 83.1500, 0.0000 
50.00, 51.00, -1.00, 63.083, -20.0000, 83.0834, 0.0000 
50.00, 51.00, -1.00, 63.017, -20.0000, 83.0168, 0.0000 
50.00, 51.00, -1.00, 62.950, -20.0000, 82.9502, 0.0000 
50.00, 51.00, -1.00, 62.884, -20.0000, 82.8836, 0.0000 
50.00, 51.00, -1.00, 62.817, -20.0000, 82.8170, 0.0000 
50.00, 51.00, -1.00, 62.750, -20.0000, 82.7504, 0.0000 
50.00, 51.00, -1.00, 62.684, -20.0000, 82.6838, 0.0000 
50.00, 51.00, -1.00, 62.617, -20.0000, 82.6172, 0.0000 
50.00, 51.00, -1.00, 62.551, -20.0000, 82.5506, 0.0000 
50.00, 51.00, -1.00, 62.484, -20.0000, 82.4840, 0.0000 
50.00, 51.00, -1.00, 62.417, -20.0000, 82.4174, 0.0000 
50.00, 51.00, -1.00, 62.351, -20.0000, 82.3508, 0.0000 
50.00, 50.50, -0.50, 72.317, -10.0000, 82.3175, 0.0000 
50.00, 50.50, -0.50, 72.284, -10.0000, 82.2842, 0.0000 
50.00, 50.50, -0.50, 72.251, -10.0000, 82.2509, 0.0000 
50.00, 51.00, -1.00, 62.184, -20.0000, 82.1843, -0.0000 
50.00, 50.50, -0.50, 72.151, -10.0000, 82.1510, 0.0000 
50.00, 50.50, -0.50, 72.118, -10.0000, 82.1177, 0.0000 
50.00, 51.00, -1.00, 62.051, -20.0000, 82.0511, -0.0000 
50.00, 51.00, -1.00, 61.984, -20.0000, 81.9845, 0.0000 
50.00, 51.00, -1.00, 61.918, -20.0000, 81.9179, 0.0000 
50.00, 51.00, -1.00, 61.851, -20.0000, 81.8513, 0.0000 
50.00, 50.50, -0.50, 71.818, -10.0000, 81.8180, 0.0000 
50.00, 50.50, -0.50, 71.785, -10.0000, 81.7847, 0.0000 
50.00, 50.50, -0.50, 71.751, -10.0000, 81.7514, 0.0000 
50.00, 50.50, -0.50, 71.718, -10.0000, 81.7181, 0.0000 
50.00, 50.50, -0.50, 71.685, -10.0000, 81.6848, 0.0000 
50.00, 50.50, -0.50, 71.651, -10.0000, 81.6515, 0.0000 
50.00, 50.50, -0.50, 71.618, -10.0000, 81.6182, 0.0000 
50.00, 50.50, -0.50, 71.585, -10.0000, 81.5849, 0.0000 
50.00, 50.50, -0.50, 71.552, -10.0000, 81.5516, 0.0000 
50.00, 50.50, -0.50, 71.518, -10.0000, 81.5183, 0.0000 
50.00, 50.50, -0.50, 71.485, -10.0000, 81.4850, 0.0000 
50.00, 50.50, -0.50, 71.452, -10.0000, 81.4517, 0.0000 
50.00, 50.50, -0.50, 71.418, -10.0000, 81.4184, 0.0000 
50.00, 50.50, -0.50, 71.385, -10.0000, 81.3851, 0.0000 
50.00, 50.50, -0.50, 71.352, -10.0000, 81.3518, 0.0000 
50.00, 50.50, -0.50, 71.318, -10.0000, 81.3185, 0.0000 
50.00, 51.00, -1.00, 61.252, -20.0000, 81.2519, -0.0000 
50.00, 51.00, -1.00, 61.185, -20.0000, 81.1853, 0.0000 
50.00, 51.00, -1.00, 61.119, -20.0000, 81.1187, 0.0000 
50.00, 51.00, -1.00, 61.052, -20.0000, 81.0521, 0.0000 
50.00, 51.00, -1.00, 60.985, -20.0000, 80.9855, 0.0000 
50.00, 51.00, -1.00, 60.919, -20.0000, 80.9189, 0.0000 
50.00, 51.00, -1.00, 60.852, -20.0000, 80.8523, 0.0000 
50.00, 51.00, -1.00, 60.786, -20.0000, 80.7857, 0.0000 
50.00, 51.00, -1.00, 60.719, -20.0000, 80.7191, 0.0000 
50.00, 51.00, -1.00, 60.652, -20.0000, 80.6525, 0.0000 
50.00, 51.00, -1.00, 60.586, -20.0000, 80.5859, 0.0000 
50.00, 51.00, -1.00, 60.519, -20.0000, 80.5193, 0.0000 
50.00, 51.00, -1.00, 60.453, -20.0000, 80.4527, 0.0000 
50.00, 51.00, -1.00, 60.386, -20.0000, 80.3861, 0.0000 
50.00, 51.00, -1.00, 60.319, -20.0000, 80.3195, 0.0000 
50.00, 51.00, -1.00, 60.253, -20.0000, 80.2529, 0.0000 
50.00, 51.00, -1.00, 60.186, -20.0000, 80.1862, 0.0000 
50.00, 51.00, -1.00, 60.120, -20.0000, 80.1197, 0.0000 
50.00, 51.00, -1.00, 60.053, -20.0000, 80.0530, 0.0000 
50.00, 51.00, -1.00, 59.986, -20.0000, 79.9864, 0.0000 
50.00, 51.00, -1.00, 59.920, -20.0000, 79.9198, 0.0000 
50.00, 51.00, -1.00, 59.853, -20.0000, 79.8532, 0.0000 
50.00, 51.00, -1.00, 59.787, -20.0000, 79.7866, 0.0000 
50.00, 51.00, -1.00, 59.720, -20.0000, 79.7200, 0.0000 
50.00, 50.50, -0.50, 69.687, -10.0000, 79.6867, 0.0000 
50.00, 50.50, -0.50, 69.653, -10.0000, 79.6534, 0.0000 
50.00, 51.00, -1.00, 59.587, -20.0000, 79.5868, -0.0000 
50.00, 50.50, -0.50, 69.554, -10.0000, 79.5535, 0.0000 
50.00, 50.50, -0.50, 69.520, -10.0000, 79.5202, 0.0000 
50.00, 50.50, -0.50, 69.487, -10.0000, 79.4869, 0.0000 
50.00, 50.50, -0.50, 69.454, -10.0000, 79.4536, 0.0000 
50.00, 50.50, -0.50, 69.420, -10.0000, 79.4203, 0.0000 
50.00, 50.50, -0.50, 69.387, -10.0000, 79.3870, 0.0000 
50.00, 50.50, -0.50, 69.354, -10.0000, 79.3537, 0.0000 
50.00, 51.00, -1.00, 59.287, -20.0000, 79.2871, -0.0000 
50.00, 51.00, -1.00, 59.221, -20.0000, 79.2205, 0.0000 
50.00, 51.00, -1.00, 59.154, -20.0000, 79.1539, 0.0000 
50.00, 51.00, -1.00, 59.087, -20.0000, 79.0873, 0.0000 
50.00, 50.50, -0.50, 69.054, -10.0000, 79.0540, 0.0000 
50.00, 51.00, -1.00, 58.987, -20.0000, 78.9874, -0.0000 
50.00, 51.00, -1.00, 58.921, -20.0000, 78.9208, 0.0000 
50.00, 51.00, -1.00, 58.854, -20.0000, 78.8542, 0.0000 
50.00, 50.50, -0.50, 68.821, -10.0000, 78.8209, 0.0000 
50.00, 50.50, -0.50, 68.788, -10.0000, 78.7876, 0.0000 
50.00, 50.50, -0.50, 68.754, -10.0000, 78.7543, 0.0000 
50.00, 50.50, -0.50, 68.721, -10.0000, 78.7210, 0.0000 
50.00, 51.00, -1.00, 58.654, -20.0000, 78.6544, -0.0000 
50.00, 50.50, -0.50, 68.621, -10.0000, 78.6211, 0.0000 
50.00, 50.50, -0.50, 68.588, -10.0000, 78.5878, 0.0000 
50.00, 50.50, -0.50, 68.555, -10.0000, 78.5545, 0.0000 
50.00, 50.50, -0.50, 68.521, -10.0000, 78.5212, 0.0000 
50.00, 50.50, -0.50, 68.488, -10.0000, 78.4879, 0.0000 
50.00, 51.00, -1.00, 58.421, -20.0000, 78.4213, -0.0000 
50.00, 51.00, -1.00, 58.355, -20.0000, 78.3547, 0.0000 
50.00, 51.00, -1.00, 58.288, -20.0000, 78.2881, 0.0000 
50.00, 51.00, -1.00, 58.222, -20.0000, 78.2215, 0.0000 
50.00, 51.00, -1.00, 58.155, -20.0000, 78.1549, 0.0000 
50.00, 51.00, -1.00, 58.088, -20.0000, 78.0883, 0.0000 
50.00, 51.00, -1.00, 58.022, -20.0000, 78.0217, 0.0000 
50.00, 51.00, -1.00, 57.955, -20.0000, 77.9551, 0.0000 
50.00, 51.00, -1.00, 57.888, -20.0000, 77.8885, 0.0000 
50.00, 51.00, -1.00, 57.822, -20.0000, 77.8219, 0.0000 
50.00, 51.00, -1.00, 57.755, -20.0000, 77.7553, 0.0000 
50.00, 51.00, -1.00, 57.689, -20.0000, 77.6887, 0.0000 
50.00, 51.00, -1.00, 57.622, -20.0000, 77.6221, 0.0000 
50.00, 50.50, -0.50, 67.589, -10.0000, 77.5888, 0.0000 
50.00, 50.50, -0.50, 67.555, -10.0000, 77.5555, 0.0000 
50.00, 50.50, -0.50, 67.522, -10.0000, 77.5222, 0.0000 
50.00, 50.50, -0.50, 67.489, -10.0000, 77.4889, 0.0000 
50.00, 50.50, -0.50, 67.456, -10.0000, 77.4556, 0.0000 
50.00, 50.50, -0.50, 67.422, -10.0000, 77.4223, 0.0000 
50.00, 50.50, -0.50, 67.389, -10.0000, 77.3890, 0.0000 
50.00, 50.50, -0.50, 67.356, -10.0000, 77.3557, 0.0000 
50.00, 50.50, -0.50, 67.322, -10.0000, 77.3224, 0.0000 
50.00, 50.50, -0.50, 67.289, -10.0000, 77.2891, 0.0000 
50.00, 50.50, -0.50, 67.256, -10.0000, 77.2558, 0.0000 
50.00, 50.50, -0.50, 67.222, -10.0000, 77.2225, 0.0000 
50.00, 50.50, -0.50, 67.189, -10.0000, 77.1892, 0.0000 
50.00, 50.50, -0.50, 67.156, -10.0000, 77.1559, 0.0000 
50.00, 51.00, -1.00, 57.089, -20.0000, 77.0893, -0.0000 
50.00, 51.00, -1.00, 57.023, -20.0000, 77.0227, 0.0000 
50.00, 51.00, -1.00, 56.956, -20.0000, 76.9561, 0.0000 
50.00, 51.00, -1.00, 56.889, -20.0000, 76.8895, 0.0000 
50.00, 51.00, -1.00, 56.823, -20.0000, 76.8229, 0.0000 
50.00, 50.50, -0.50, 66.790, -10.0000, 76.7896, 0.0000 
50.00, 51.00, -1.00, 56.723, -20.0000, 76.7230, -0.0000 
50.00, 50.50, -0.50, 66.690, -10.0000, 76.6897, 0.0000 
50.00, 50.50, -0.50, 66.656, -10.0000, 76.6564, 0.0000 
50.00, 51.00, -1.00, 56.590, -20.0000, 76.5898, -0.0000 
50.00, 51.00, -1.00, 56.523, -20.0000, 76.5232, 0.0000 
50.00, 50.50, -0.50, 66.490, -10.0000, 76.4899, 0.0000 
50.00, 50.50, -0.50, 66.457, -10.0000, 76.4566, 0.0000 
50.00, 50.50, -0.50, 66.423, -10.0000, 76.4233, 0.0000 
50.00, 50.50, -0.50, 66.390, -10.0000, 76.3900, 0.0000 
50.00, 51.00, -1.00, 56.323, -20.0000, 76.3234, -0.0000 
50.00, 51.00, -1.00, 56.257, -20.0000, 76.2568, 0.0000 
50.00, 51.00, -1.00, 56.190, -20.0000, 76.1902, 0.0000 
50.00, 50.50, -0.50, 66.157, -10.0000, 76.1569, 0.0000 
50.00, 51.00, -1.00, 56.090, -20.0000, 76.0903, -0.0000 
50.00, 50.50, -0.50, 66.057, -10.0000, 76.0570, 0.0000 
50.00, 50.50, -0.50, 66.024, -10.0000, 76.0237, 0.0000 
50.00, 51.00, -1.00, 55.957, -20.0000, 75.9571, -0.0000 
50.00, 50.50, -0.50, 65.924, -10.0000, 75.9238, 0.0000 
50.00, 50.50, -0.50, 65.890, -10.0000, 75.8904, 0.0000 
50.00, 50.50, -0.50, 65.857, -10.0000, 75.8571, 0.0000 
50.00, 50.50, -0.50, 65.824, -10.0000, 75.8238, 0.0000 
50.00, 50.50, -0.50, 65.791, -10.0000, 75.7906, 0.0000 
50.00, 50.50, -0.50, 65.757, -10.0000, 75.7572, 0.0000 
50.00, 50.50, -0.50, 65.724, -10.0000, 75.7239, 0.0000 
50.00, 50.50, -0.50, 65.691, -10.0000, 75.6906, 0.0000 
50.00, 50.50, -0.50, 65.657, -10.0000, 75.6573, 0.0000 
50.00, 50.50, -0.50, 65.624, -10.0000, 75.6240, 0.0000 
50.00, 50.50, -0.50, 65.591, -10.0000, 75.5907, 0.0000 
50.00, 50.50, -0.50, 65.557, -10.0000, 75.5574, 0.0000 
50.00, 50.50, -0.50, 65.524, -10.0000, 75.5241, 0.0000 
50.00, 50.50, -0.50, 65.491, -10.0000, 75.4908, 0.0000 
50.00, 50.50, -0.50, 65.458, -10.0000, 75.4575, 0.0000 
50.00, 50.50, -0.50, 65.424, -10.0000, 75.4242, 0.0000 
50.00, 50.50, -0.50, 65.391, -10.0000, 75.3909, 0.0000 
50.00, 50.50, -0.50, 65.358, -10.0000, 75.3576, 0.0000 
50.00, 50.50, -0.50, 65.324, -10.0000, 75.3243, 0.0000 
50.00, 50.50, -0.50, 65.291, -10.0000, 75.2910, 0.0000 
50.00, 50.50, -0.50, 65.258, -10.0000, 75.2577, 0.0000 
50.00, 50.50, -0.50, 65.224, -10.0000, 75.2244, 0.0000 
50.00, 50.50, -0.50, 65.191, -10.0000, 75.1911, 0.0000 
50.00, 50.50, -0.50, 65.158, -10.0000, 75.1578, 0.0000 
50.00, 50.50, -0.50, 65.125, -10.0000, 75.1245, 0.0000 
50.00, 50.50, -0.50, 65.091, -10.0000, 75.0912, 0.0000 
50.00, 50.50, -0.50, 65.058, -10.0000, 75.0579, 0.0000 
50.00, 50.50, -0.50, 65.025, -10.0000, 75.0246, 0.0000 
50.00, 50.50, -0.50, 64.991, -10.0000, 74.9913, 0.0000 
50.00, 50.50, -0.50, 64.958, -10.0000, 74.9580, 0.0000 
50.00, 50.50, -0.50, 64.925, -10.0000, 74.9247, 0.0000 
50.00, 51.00, -1.00, 54.858, -20.0000, 74.8581, -0.0000 
50.00, 51.00, -1.00, 54.792, -20.0000, 74.7915, 0.0000 
50.00, 51.00, -1.00, 54.725, -20.0000, 74.7249, 0.0000 
50.00, 51.00, -1.00, 54.658, -20.0000, 74.6583, 0.0000 
50.00, 51.00, -1.00, 54.592, -20.0000, 74.5917, 0.0000 
50.00, 51.00, -1.00, 54.525, -20.0000, 74.5251, 0.0000 
50.00, 50.50, -0.50, 64.492, -10.0000, 74.4918, 0.0000 
50.00, 50.50, -0.50, 64.459, -10.0000, 74.4585, 0.0000 
50.00, 50.50, -0.50, 64.425, -10.0000, 74.4252, 0.0000 
50.00, 50.50, -0.50, 64.392, -10.0000, 74.3919, 0.0000 
50.00, 50.50, -0.50, 64.359, -10.0000, 74.3586, 0.0000 
50.00, 50.50, -0.50, 64.325, -10.0000, 74.3253, 0.0000 
50.00, 50.50, -0.50, 64.292, -10.0000, 74.2920, 0.0000 
50.00, 50.50, -0.50, 64.259, -10.0000, 74.2587, 0.0000 
50.00, 50.50, -0.50, 64.225, -10.0000, 74.2254, 0.0000 
50.00, 50.50, -0.50, 64.192, -10.0000, 74.1921, 0.0000 
50.00, 50.50, -0.50, 64.159, -10.0000, 74.1588, 0.0000 
50.00, 51.00, -1.00, 54.092, -20.0000, 74.0922, -0.0000 
50.00, 50.50, -0.50, 64.059, -10.0000, 74.0589, 0.0000 
50.00, 50.50, -0.50, 64.026, -10.0000, 74.0256, 0.0000 
50.00, 50.50, -0.50, 63.992, -10.0000, 73.9923, 0.0000 
50.00, 51.00, -1.00, 53.926, -20.0000, 73.9257, -0.0000 
50.00, 51.00, -1.00, 53.859, -20.0000, 73.8591, 0.0000 
50.00, 51.00, -1.00, 53.793, -20.0000, 73.7925, 0.0000 
50.00, 51.00, -1.00, 53.726, -20.0000, 73.7259, 0.0000 
50.00, 51.00, -1.00, 53.659, -20.0000, 73.6593, 0.0000 
50.00, 51.00, -1.00, 53.593, -20.0000, 73.5927, 0.0000 
50.00, 51.00, -1.00, 53.526, -20.0000, 73.5261, 0.0000 
50.00, 51.00, -1.00, 53.459, -20.0000, 73.4595, 0.0000 
50.00, 50.50, -0.50, 63.426, -10.0000, 73.4262, 0.0000 
50.00, 50.50, -0.50, 63.393, -10.0000, 73.3929, 0.0000 
50.00, 50.50, -0.50, 63.360, -10.0000, 73.3596, 0.0000 
50.00, 50.50, -0.50, 63.326, -10.0000, 73.3263, 0.0000 
50.00, 50.50, -0.50, 63.293, -10.0000, 73.2930, 0.0000 
50.00, 50.50, -0.50, 63.260, -10.0000, 73.2597, 0.0000 
50.00, 50.50, -0.50, 63.226, -10.0000, 73.2264, 0.0000 
50.00, 50.50, -0.50, 63.193, -10.0000, 73.1931, 0.0000 
50.00, 50.50, -0.50, 63.160, -10.0000, 73.1598, 0.0000 
50.00, 50.50, -0.50, 63.126, -10.0000, 73.1265, 0.0000 
50.00, 50.50, -0.50, 63.093, -10.0000, 73.0932, 0.0000 
50.00, 50.50, -0.50, 63.060, -10.0000, 73.0599, 0.0000 
50.00, 50.50, -0.50, 63.027, -10.0000, 73.0266, 0.0000 
50.00, 50.50, -0.50, 62.993, -10.0000, 72.9933, 0.0000 
50.00, 50.50, -0.50, 62.960, -10.0000, 72.9600, 0.0000 
50.00, 50.50, -0.50, 62.927, -10.0000, 72.9267, 0.0000 
50.00, 50.50, -0.50, 62.893, -10.0000, 72.8934, 0.0000 
50.00, 50.50, -0.50, 62.860, -10.0000, 72.8601, 0.0000 
50.00, 50.50, -0.50, 62.827, -10.0000, 72.8268, 0.0000 
50.00, 50.50, -0.50, 62.793, -10.0000, 72.7935, 0.0000 
50.00, 50.50, -0.50, 62.760, -10.0000, 72.7602, 0.0000 
50.00, 50.50, -0.50, 62.727, -10.0000, 72.7269, 0.0000 
50.00, 50.50, -0.50, 62.694, -10.0000, 72.6936, 0.0000 
50.00, 50.50, -0.50, 62.660, -10.0000, 72.6603, 0.0000 
50.00, 51.00, -1.00, 52.594, -20.0000, 72.5937, -0.0000 
50.00, 50.50, -0.50, 62.560, -10.0000, 72.5604, 0.0000 
50.00, 50.50, -0.50, 62.527, -10.0000, 72.5271, 0.0000 
50.00, 50.50, -0.50, 62.494, -10.0000, 72.4938, 0.0000 
50.00, 50.50, -0.50, 62.460, -10.0000, 72.4605, 0.0000 
50.00, 50.50, -0.50, 62.427, -10.0000, 72.4272, 0.0000 
50.00, 50.50, -0.50, 62.394, -10.0000, 72.3939, 0.0000 
50.00, 50.50, -0.50, 62.361, -10.0000, 72.3606, 0.0000 
50.00, 50.50, -0.50, 62.327, -10.0000, 72.3273, 0.0000 
50.00, 50.50, -0.50, 62.294, -10.0000, 72.2940, 0.0000 
50.00, 50.50, -0.50, 62.261, -10.0000, 72.2607, 0.0000 
50.00, 50.50, -0.50, 62.227, -10.0000, 72.2274, 0.0000 
50.00, 50.50, -0.50, 62.194, -10.0000, 72.1941, 0.0000 
50.00, 50.50, -0.50, 62.161, -10.0000, 72.1608, 0.0000 
50.00, 50.50, -0.50, 62.127, -10.0000, 72.1275, 0.0000 
50.00, 50.50, -0.50, 62.094, -10.0000, 72.0942, 0.0000 
50.00, 50.50, -0.50, 62.061, -10.0000, 72.0609, 0.0000 
50.00, 51.00, -1.00, 51.994, -20.0000, 71.9943, -0.0000 
50.00, 51.00, -1.00, 51.928, -20.0000, 71.9277, 0.0000 
50.00, 51.00, -1.00, 51.861, -20.0000, 71.8611, 0.0000 
50.00, 51.00, -1.00, 51.794, -20.0000, 71.7945, 0.0000 
50.00, 51.00, -1.00, 51.728, -20.0000, 71.7279, 0.0000 
50.00, 51.00, -1.00, 51.661, -20.0000, 71.6612, 0.0000 
50.00, 51.00, -1.00, 51.595, -20.0000, 71.5947, 0.0000 
50.00, 51.00, -1.00, 51.528, -20.0000, 71.5280, 0.0000 
50.00, 50.50, -0.50, 61.495, -10.0000, 71.4947, 0.0000 
50.00, 50.50, -0.50, 61.461, -10.0000, 71.4614, 0.0000 
50.00, 50.50, -0.50, 61.428, -10.0000, 71.4281, 0.0000 
50.00, 50.50, -0.50, 61.395, -10.0000, 71.3948, 0.0000 
50.00, 50.50, -0.50, 61.362, -10.0000, 71.3615, 0.0000 
50.00, 50.50, -0.50, 61.328, -10.0000, 71.3282, 0.0000 
50.00, 50.50, -0.50, 61.295, -10.0000, 71.2949, 0.0000 
50.00, 50.50, -0.50, 61.262, -10.0000, 71.2616, 0.0000 
50.00, 50.50, -0.50, 61.228, -10.0000, 71.2283, 0.0000 
50.00, 50.50, -0.50, 61.195, -10.0000, 71.1950, 0.0000 
50.00, 50.50, -0.50, 61.162, -10.0000, 71.1617, 0.0000 
50.00, 50.50, -0.50, 61.128, -10.0000, 71.1284, 0.0000 
50.00, 50.50, -0.50, 61.095, -10.0000, 71.0951, 0.0000 
50.00, 50.50, -0.50, 61.062, -10.0000, 71.0618, 0.0000 
50.00, 50.50, -0.50, 61.029, -10.0000, 71.0285, 0.0000 
50.00, 50.50, -0.50, 60.995, -10.0000, 70.9952, 0.0000 
50.00, 50.50, -0.50, 60.962, -10.0000, 70.9619, 0.0000 
50.00, 50.50, -0.50, 60.929, -10.0000, 70.9286, 0.0000 
50.00, 50.50, -0.50, 60.895, -10.0000, 70.8953, 0.0000 
50.00, 50.50, -0.50, 60.862, -10.0000, 70.8620, 0.0000 
50.00, 50.50, -0.50, 60.829, -10.0000, 70.8287, 0.0000 
50.00, 50.50, -0.50, 60.795, -10.0000, 70.7954, 0.0000 
50.00, 50.50, -0.50, 60.762, -10.0000, 70.7621, 0.0000 
50.00, 50.50, -0.50, 60.729, -10.0000, 70.7288, 0.0000 
50.00, 50.50, -0.50, 60.696, -10.0000, 70.6955, 0.0000 
50.00, 50.50, -0.50, 60.662, -10.0000, 70.6622, 0.0000 
50.00, 50.50, -0.50, 60.629, -10.0000, 70.6289, 0.0000 
50.00, 50.50, -0.50, 60.596, -10.0000, 70.5956, 0.0000 
50.00, 50.50, -0.50, 60.562, -10.0000, 70.5623, 0.0000 
50.00, 50.50, -0.50, 60.529, -10.0000, 70.5290, 0.0000 
50.00, 50.50, -0.50, 60.496, -10.0000, 70.4957, 0.0000 
50.00, 50.50, -0.50, 60.462, -10.0000, 70.4624, 0.0000 
50.00, 50.50, -0.50, 60.429, -10.0000, 70.4291, 0.0000 
50.00, 50.50, -0.50, 60.396, -10.0000, 70.3958, 0.0000 
50.00, 50.50, -0.50, 60.363, -10.0000, 70.3625, 0.0000 
50.00, 50.50, -0.50, 60.329, -10.0000, 70.3292, 0.0000 
50.00, 50.50, -0.50, 60.296, -10.0000, 70.2959, 0.0000 
50.00, 50.50, -0.50, 60.263, -10.0000, 70.2626, 0.0000 
50.00, 50.50, -0.50, 60.229, -10.0000, 70.2293, 0.0000 
50.00, 50.50, -0.50, 60.196, -10.0000, 70.1960, 0.0000 
50.00, 50.50, -0.50, 60.163, -10.0000, 70.1627, 0.0000 
50.00, 50.50, -0.50, 60.129, -10.0000, 70.1294, 0.0000 
50.00, 50.50, -0.50, 60.096, -10.0000, 70.0961, 0.0000 
50.00, 50.50, -0.50, 60.063, -10.0000, 70.0628, 0.0000 
50.00, 50.50, -0.50, 60.030, -10.0000, 70.0295, 0.0000 
50.00, 50.50, -0.50, 59.996, -10.0000, 69.9962, 0.0000 
50.00, 50.50, -0.50, 59.963, -10.0000, 69.9629, 0.0000 
50.00, 50.50, -0.50, 59.930, -10.0000, 69.9296, 0.0000 
50.00, 50.50, -0.50, 59.896, -10.0000, 69.8963, 0.0000 
50.00, 50.50, -0.50, 59.863, -10.0000, 69.8630, 0.0000 
50.00, 50.50, -0.50, 59.830, -10.0000, 69.8297, 0.0000 
50.00, 50.50, -0.50, 59.796, -10.0000, 69.7964, 0.0000 
50.00, 50.50, -0.50, 59.763, -10.0000, 69.7631, 0.0000 
50.00, 50.50, -0.50, 59.730, -10.0000, 69.7298, 0.0000 
50.00, 50.50, -0.50, 59.697, -10.0000, 69.6965, 0.0000 
50.00, 50.50, -0.50, 59.663, -10.0000, 69.6632, 0.0000 
50.00, 50.50, -0.50, 59.630, -10.0000, 69.6299, 0.0000 
50.00, 50.50, -0.50, 59.597, -10.0000, 69.5966, 0.0000 
50.00, 50.50, -0.50, 59.563, -10.0000, 69.5633, 0.0000 
50.00, 50.50, -0.50, 59.530, -10.0000, 69.5300, 0.0000 
50.00, 50.50, -0.50, 59.497, -10.0000, 69.4967, 0.0000 
50.00, 50.50, -0.50, 59.463, -10.0000, 69.4634, 0.0000 
50.00, 50.50, -0.50, 59.430, -10.0000, 69.4301, 0.0000 
50.00, 50.50, -0.50, 59.397, -10.0000, 69.3968, 0.0000 
50.00, 50.50, -0.50, 59.363, -10.0000, 69.3635, 0.0000 
50.00, 50.50, -0.50, 59.330, -10.0000, 69.3302, 0.0000 
50.00, 50.50, -0.50, 59.297, -10.0000, 69.2969, 0.0000 
50.00, 50.50, -0.50, 59.264, -10.0000, 69.2636, 0.0000 
50.00, 50.50, -0.50, 59.230, -10.0000, 69.2303, 0.0000 
50.00, 50.50, -0.50, 59.197, -10.0000, 69.1970, 0.0000 
50.00, 50.50, -0.50, 59.164, -10.0000, 69.1637, 0.0000 
50.00, 50.50, -0.50, 59.130, -10.0000, 69.1304, 0.0000 
50.00, 50.50, -0.50, 59.097, -10.0000, 69.0971, 0.0000 
50.00, 50.50, -0.50, 59.064, -10.0000, 69.0638, 0.0000 
50.00, 50.50, -0.50, 59.030, -10.0000, 69.0305, 0.0000 
50.00, 50.50, -0.50, 58.997, -10.0000, 68.9972, 0.0000 
50.00, 50.50, -0.50, 58.964, -10.0000, 68.9639, 0.0000 
50.00, 50.50, -0.50, 58.931, -10.0000, 68.9306, 0.0000 
50.00, 51.00, -1.00, 48.864, -20.0000, 68.8640, -0.0000 
50.00, 50.50, -0.50, 58.831, -10.0000, 68.8307, 0.0000 
50.00, 50.50, -0.50, 58.797, -10.0000, 68.7974, 0.0000 
50.00, 51.00, -1.00, 48.731, -20.0000, 68.7308, -0.0000 
50.00, 50.50, -0.50, 58.697, -10.0000, 68.6975, 0.0000 
50.00, 50.50, -0.50, 58.664, -10.0000, 68.6642, 0.0000 
50.00, 50.50, -0.50, 58.631, -10.0000, 68.6309, 0.0000 
50.00, 50.50, -0.50, 58.598, -10.0000, 68.5976, 0.0000 
50.00, 50.50, -0.50, 58.564, -10.0000, 68.5643, 0.0000 
50.00, 50.50, -0.50, 58.531, -10.0000, 68.5310, 0.0000 
50.00, 50.50, -0.50, 58.498, -10.0000, 68.4977, 0.0000 
50.00, 50.50, -0.50, 58.464, -10.0000, 68.4644, 0.0000 
50.00, 50.50, -0.50, 58.431, -10.0000, 68.4311, 0.0000 
50.00, 50.50, -0.50, 58.398, -10.0000, 68.3978, 0.0000 
50.00, 50.50, -0.50, 58.364, -10.0000, 68.3645, 0.0000 
50.00, 50.50, -0.50, 58.331, -10.0000, 68.3312, 0.0000 
50.00, 50.50, -0.50, 58.298, -10.0000, 68.2979, 0.0000 
50.00, 50.50, -0.50, 58.265, -10.0000, 68.2646, 0.0000 
50.00, 50.50, -0.50, 58.231, -10.0000, 68.2313, 0.0000 
50.00, 50.50, -0.50, 58.198, -10.0000, 68.1980, 0.0000 
50.00, 50.50, -0.50, 58.165, -10.0000, 68.1647, 0.0000 
50.00, 50.50, -0.50, 58.131, -10.0000, 68.1314, 0.0000 
50.00, 50.50, -0.50, 58.098, -10.0000, 68.0981, 0.0000 
50.00, 50.50, -0.50, 58.065, -10.0000, 68.0648, 0.0000 
50.00, 50.50, -0.50, 58.031, -10.0000, 68.0315, 0.0000 
50.00, 50.50, -0.50, 57.998, -10.0000, 67.9982, 0.0000 
50.00, 50.50, -0.50, 57.965, -10.0000, 67.9649, 0.0000 
50.00, 50.50, -0.50, 57.932, -10.0000, 67.9316, 0.0000 
50.00, 50.50, -0.50, 57.898, -10.0000, 67.8983, 0.0000 
50.00, 50.50, -0.50, 57.865, -10.0000, 67.8650, 0.0000 
50.00, 50.50, -0.50, 57.832, -10.0000, 67.8317, 0.0000 
50.00, 50.50, -0.50, 57.798, -10.0000, 67.7984, 0.0000 
50.00, 50.50, -0.50, 57.765, -10.0000, 67.7651, 0.0000 
50.00, 50.50, -0.50, 57.732, -10.0000, 67.7318, 0.0000 
50.00, 50.50, -0.50, 57.698, -10.0000, 67.6985, 0.0000 
50.00, 50.50, -0.50, 57.665, -10.0000, 67.6652, 0.0000 
50.00, 50.50, -0.50, 57.632, -10.0000, 67.6319, 0.0000 
50.00, 50.50, -0.50, 57.599, -10.0000, 67.5986, 0.0000 
50.00, 50.50, -0.50, 57.565, -10.0000, 67.5653, 0.0000 
50.00, 50.50, -0.50, 57.532, -10.0000, 67.5320, 0.0000 
50.00, 50.50, -0.50, 57.499, -10.0000, 67.4986, 0.0000 
50.00, 50.50, -0.50, 57.465, -10.0000, 67.4654, 0.0000 
50.00, 50.50, -0.50, 57.432, -10.0000, 67.4321, 0.0000 
50.00, 50.50, -0.50, 57.399, -10.0000, 67.3988, 0.0000 
50.00, 50.50, -0.50, 57.365, -10.0000, 67.3654, 0.0000 
50.00, 50.50, -0.50, 57.332, -10.0000, 67.3321, 0.0000 
50.00, 50.50, -0.50, 57.299, -10.0000, 67.2989, 0.0000 
50.00, 50.50, -0.50, 57.266, -10.0000, 67.2655, 0.0000 
50.00, 50.50, -0.50, 57.232, -10.0000, 67.2322, 0.0000 
50.00, 50.50, -0.50, 57.199, -10.0000, 67.1989, 0.0000 
50.00, 50.50, -0.50, 57.166, -10.0000, 67.1656, 0.0000 
50.00, 50.50, -0.50, 57.132, -10.0000, 67.1323, 0.0000 
50.00, 50.50, -0.50, 57.099, -10.0000, 67.0990, 0.0000 
50.00, 50.50, -0.50, 57.066, -10.0000, 67.0657, 0.0000 
50.00, 50.50, -0.50, 57.032, -10.0000, 67.0324, 0.0000 
50.00, 50.50, -0.50, 56.999, -10.0000, 66.9991, 0.0000 
50.00, 50.50, -0.50, 56.966, -10.0000, 66.9658, 0.0000 
50.00, 50.50, -0.50, 56.933, -10.0000, 66.9325, 0.0000 
50.00, 50.50, -0.50, 56.899, -10.0000, 66.8992, 0.0000 
50.00, 50.50, -0.50, 56.866, -10.0000, 66.8659, 0.0000 
50.00, 50.50, -0.50, 56.833, -10.0000, 66.8326, 0.0000 
50.00, 50.50, -0.50, 56.799, -10.0000, 66.7993, 0.0000 
50.00, 50.50, -0.50, 56.766, -10.0000, 66.7660, 0.0000 
50.00, 50.50, -0.50, 56.733, -10.0000, 66.7327, 0.0000 
50.00, 50.50, -0.50, 56.699, -10.0000, 66.6994, 0.0000 
50.00, 50.50, -0.50, 56.666, -10.0000, 66.6661, 0.0000 
50.00, 50.50, -0.50, 56.633, -10.0000, 66.6328, 0.0000 
50.00, 50.50, -0.50, 56.600, -10.0000, 66.5995, 0.0000 
50.00, 50.50, -0.50, 56.566, -10.0000, 66.5662, 0.0000 
50.00, 50.50, -0.50, 56.533, -10.0000, 66.5329, 0.0000 
50.00, 50.50, -0.50, 56.500, -10.0000, 66.4996, 0.0000 
50.00, 50.50, -0.50, 56.466, -10.0000, 66.4663, 0.0000 
50.00, 50.50, -0.50, 56.433, -10.0000, 66.4330, 0.0000 
50.00, 50.50, -0.50, 56.400, -10.0000, 66.3997, 0.0000 
50.00, 50.50, -0.50, 56.366, -10.0000, 66.3664, 0.0000 
50.00, 50.50, -0.50, 56.333, -10.0000, 66.3331, 0.0000 
50.00, 50.50, -0.50, 56.300, -10.0000, 66.2998, 0.0000 
50.00, 50.50, -0.50, 56.267, -10.0000, 66.2665, 0.0000 
50.00, 50.50, -0.50, 56.233, -10.0000, 66.2332, 0.0000 
50.00, 50.50, -0.50, 56.200, -10.0000, 66.1999, 0.0000 
50.00, 50.50, -0.50, 56.167, -10.0000, 66.1666, 0.0000 
50.00, 50.50, -0.50, 56.133, -10.0000, 66.1333, 0.0000 
50.00, 50.50, -0.50, 56.100, -10.0000, 66.1000, 0.0000 
50.00, 50.50, -0.50, 56.067, -10.0000, 66.0667, 0.0000 
50.00, 50.50, -0.50, 56.033, -10.0000, 66.0334, 0.0000 
50.00, 50.50, -0.50, 56.000, -10.0000, 66.0001, 0.0000 
50.00, 50.50, -0.50, 55.967, -10.0000, 65.9668, 0.0000 
50.00, 50.50, -0.50, 55.934, -10.0000, 65.9335, 0.0000 
50.00, 50.50, -0.50, 55.900, -10.0000, 65.9002, 0.0000 
50.00, 50.50, -0.50, 55.867, -10.0000, 65.8669, 0.0000 
50.00, 50.50, -0.50, 55.834, -10.0000, 65.8336, 0.0000 
50.00, 50.50, -0.50, 55.800, -10.0000, 65.8003, 0.0000 
50.00, 50.50, -0.50, 55.767, -10.0000, 65.7670, 0.0000 
50.00, 50.50, -0.50, 55.734, -10.0000, 65.7337, 0.0000 
50.00, 50.50, -0.50, 55.700, -10.0000, 65.7004, 0.0000 
50.00, 50.50, -0.50, 55.667, -10.0000, 65.6671, 0.0000 
50.00, 50.50, -0.50, 55.634, -10.0000, 65.6338, 0.0000 
50.00, 50.50, -0.50, 55.601, -10.0000, 65.6005, 0.0000 
50.00, 50.50, -0.50, 55.567, -10.0000, 65.5672, 0.0000 
50.00, 50.50, -0.50, 55.534, -10.0000, 65.5339, 0.0000 
50.00, 50.50, -0.50, 55.501, -10.0000, 65.5006, 0.0000 
50.00, 50.50, -0.50, 55.467, -10.0000, 65.4673, 0.0000 
50.00, 50.50, -0.50, 55.434, -10.0000, 65.4340, 0.0000 
50.00, 50.50, -0.50, 55.401, -10.0000, 65.4007, 0.0000 
50.00, 50.50, -0.50, 55.367, -10.0000, 65.3674, 0.0000 
50.00, 50.50, -0.50, 55.334, -10.0000, 65.3341, 0.0000 
50.00, 50.50, -0.50, 55.301, -10.0000, 65.3008, 0.0000 
50.00, 50.50, -0.50, 55.268, -10.0000, 65.2675, 0.0000 
50.00, 50.50, -0.50, 55.234, -10.0000, 65.2342, 0.0000 
50.00, 50.50, -0.50, 55.201, -10.0000, 65.2009, 0.0000 
50.00, 50.50, -0.50, 55.168, -10.0000, 65.1676, 0.0000 
50.00, 50.50, -0.50, 55.134, -10.0000, 65.1343, 0.0000 
50.00, 50.50, -0.50, 55.101, -10.0000, 65.1010, 0.0000 
50.00, 50.50, -0.50, 55.068, -10.0000, 65.0677, 0.0000 
50.00, 50.50, -0.50, 55.034, -10.0000, 65.0344, 0.0000 
50.00, 50.50, -0.50, 55.001, -10.0000, 65.0011, 0.0000 
50.00, 50.50, -0.50, 54.968, -10.0000, 64.9678, 0.0000 
50.00, 50.50, -0.50, 54.934, -10.0000, 64.9345, 0.0000 
50.00, 50.50, -0.50, 54.901, -10.0000, 64.9012, 0.0000 
50.00, 50.50, -0.50, 54.868, -10.0000, 64.8679, 0.0000 
50.00, 50.50, -0.50, 54.835, -10.0000, 64.8346, 0.0000 
50.00, 50.50, -0.50, 54.801, -10.0000, 64.8013, 0.0000 
50.00, 50.50, -0.50, 54.768, -10.0000, 64.7680, 0.0000 
50.00, 50.50, -0.50, 54.735, -10.0000, 64.7347, 0.0000 
50.00, 50.50, -0.50, 54.701, -10.0000, 64.7014, 0.0000 
50.00, 50.50, -0.50, 54.668, -10.0000, 64.6681, 0.0000 
50.00, 50.50, -0.50, 54.635, -10.0000, 64.6348, 0.0000 
50.00, 50.50, -0.50, 54.601, -10.0000, 64.6015, 0.0000 
50.00, 50.50, -0.50, 54.568, -10.0000, 64.5682, 0.0000 
50.00, 50.50, -0.50, 54.535, -10.0000, 64.5349, 0.0000 
50.00, 50.50, -0.50, 54.502, -10.0000, 64.5016, 0.0000 
50.00, 50.50, -0.50, 54.468, -10.0000, 64.4683, 0.0000 
50.00, 50.50, -0.50, 54.435, -10.0000, 64.4350, 0.0000 
50.00, 50.50, -0.50, 54.402, -10.0000, 64.4017, 0.0000 
50.00, 50.50, -0.50, 54.368, -10.0000, 64.3684, 0.0000 
50.00, 50.50, -0.50, 54.335, -10.0000, 64.3351, 0.0000 
50.00, 50.00, 0.00, 64.335, 0.0000, 64.3351, 0.0000 
50.00, 50.00, 0.00, 64.335, 0.0000, 64.3351, 0.0000 
50.00, 50.00, 0.00, 64.335, 0.0000, 64.3351, 0.0000 
50.00, 50.00, 0.00, 64.335, 0.0000, 64.3351, 0.0000 
50.00, 50.00, 0.00, 64.335, 0.0000, 64.3351, 0.0000 
50.00, 50.00, 0.00, 64.335, 0.0000, 64.3351, 0.0000 
50.00, 50.00, 0.00, 64.335, 0.0000, 64.3351, 0.0000 
50.00, 50.00, 0.00, 64.335, 0.0000, 64.3351, 0.0000 
50.00, 50.00, 0.00, 64.335, 0.0000, 64.3351, 0.0000 
50.00, 50.50, -0.50, 54.302, -10.0000, 64.3018, -0.0000 
50.00, 50.50, -0.50, 54.268, -10.0000, 64.2685, 0.0000 
50.00, 50.50, -0.50, 54.235, -10.0000, 64.2352, 0.0000 
50.00, 50.50, -0.50, 54.202, -10.0000, 64.2019, 0.0000 
50.00, 50.50, -0.50, 54.169, -10.0000, 64.1686, 0.0000 
50.00, 50.50, -0.50, 54.135, -10.0000, 64.1353, 0.0000 
50.00, 50.50, -0.50, 54.102, -10.0000, 64.1020, 0.0000 
50.00, 50.50, -0.50, 54.069, -10.0000, 64.0687, 0.0000 
50.00, 50.50, -0.50, 54.035, -10.0000, 64.0354, 0.0000 
50.00, 50.50, -0.50, 54.002, -10.0000, 64.0021, 0.0000 
50.00, 50.50, -0.50, 53.969, -10.0000, 63.9688, 0.0000 
50.00, 50.50, -0.50, 53.935, -10.0000, 63.9355, 0.0000 
50.00, 50.50, -0.50, 53.902, -10.0000, 63.9022, 0.0000 
50.00, 50.50, -0.50, 53.869, -10.0000, 63.8689, 0.0000 
50.00, 50.50, -0.50, 53.836, -10.0000, 63.8356, 0.0000 
50.00, 50.50, -0.50, 53.802, -10.0000, 63.8023, 0.0000 
50.00, 50.50, -0.50, 53.769, -10.0000, 63.7690, 0.0000 
50.00, 50.50, -0.50, 53.736, -10.0000, 63.7357, 0.0000 
50.00, 50.50, -0.50, 53.702, -10.0000, 63.7024, 0.0000 
50.00, 50.50, -0.50, 53.669, -10.0000, 63.6691, 0.0000 
50.00, 50.50, -0.50, 53.636, -10.0000, 63.6358, 0.0000 
50.00, 50.50, -0.50, 53.602, -10.0000, 63.6025, 0.0000 
50.00, 50.50, -0.50, 53.569, -10.0000, 63.5692, 0.0000 
50.00, 50.50, -0.50, 53.536, -10.0000, 63.5359, 0.0000 
50.00, 50.50, -0.50, 53.503, -10.0000, 63.5026, 0.0000 
50.00, 50.50, -0.50, 53.469, -10.0000, 63.4693, 0.0000 
50.00, 50.50, -0.50, 53.436, -10.0000, 63.4360, 0.0000 
50.00, 50.50, -0.50, 53.403, -10.0000, 63.4027, 0.0000 
50.00, 50.50, -0.50, 53.369, -10.0000, 63.3694, 0.0000 
50.00, 50.00, 0.00, 63.369, 0.0000, 63.3694, 0.0000 
50.00, 50.00, 0.00, 63.369, 0.0000, 63.3694, 0.0000 
50.00, 50.00, 0.00, 63.369, 0.0000, 63.3694, 0.0000 
50.00, 50.00, 0.00, 63.369, 0.0000, 63.3694, 0.0000 
50.00, 50.00, 0.00, 63.369, 0.0000, 63.3694, 0.0000 
50.00, 50.50, -0.50, 53.336, -10.0000, 63.3361, -0.0000 
50.00, 50.50, -0.50, 53.303, -10.0000, 63.3028, 0.0000 
50.00, 50.50, -0.50, 53.269, -10.0000, 63.2695, 0.0000 
50.00, 50.50, -0.50, 53.236, -10.0000, 63.2362, 0.0000 
50.00, 50.50, -0.50, 53.203, -10.0000, 63.2029, 0.0000 
50.00, 50.50, -0.50, 53.170, -10.0000, 63.1696, 0.0000 
50.00, 50.50, -0.50, 53.136, -10.0000, 63.1362, 0.0000 
50.00, 50.50, -0.50, 53.103, -10.0000, 63.1029, 0.0000 
50.00, 50.50, -0.50, 53.070, -10.0000, 63.0696, 0.0000 
50.00, 50.50, -0.50, 53.036, -10.0000, 63.0363, 0.0000 
50.00, 50.50, -0.50, 53.003, -10.0000, 63.0030, 0.0000 
50.00, 50.50, -0.50, 52.970, -10.0000, 62.9697, 0.0000 
50.00, 50.00, 0.00, 62.970, 0.0000, 62.9697, 0.0000 
50.00, 50.00, 0.00, 62.970, 0.0000, 62.9697, 0.0000 
50.00, 50.50, -0.50, 52.936, -10.0000, 62.9364, -0.0000 
50.00, 50.50, -0.50, 52.903, -10.0000, 62.9031, 0.0000 
50.00, 50.50, -0.50, 52.870, -10.0000, 62.8698, 0.0000 
50.00, 50.50, -0.50, 52.837, -10.0000, 62.8365, 0.0000 
50.00, 50.50, -0.50, 52.803, -10.0000, 62.8032, 0.0000 
50.00, 50.50, -0.50, 52.770, -10.0000, 62.7699, 0.0000 
50.00, 50.50, -0.50, 52.737, -10.0000, 62.7366, 0.0000 
50.00, 50.50, -0.50, 52.703, -10.0000, 62.7033, 0.0000 
50.00, 50.00, 0.00, 62.703, 0.0000, 62.7033, 0.0000 
50.00, 50.00, 0.00, 62.703, 0.0000, 62.7033, 0.0000 
50.00, 50.00, 0.00, 62.703, 0.0000, 62.7033, 0.0000 
50.00, 50.00, 0.00, 62.703, 0.0000, 62.7033, 0.0000 
50.00, 50.00, 0.00, 62.703, 0.0000, 62.7033, 0.0000 
50.00, 50.50, -0.50, 52.670, -10.0000, 62.6700, -0.0000 
50.00, 50.50, -0.50, 52.637, -10.0000, 62.6367, 0.0000 
50.00, 50.50, -0.50, 52.603, -10.0000, 62.6034, 0.0000 
50.00, 50.50, -0.50, 52.570, -10.0000, 62.5701, 0.0000 
50.00, 50.50, -0.50, 52.537, -10.0000, 62.5368, 0.0000 
50.00, 50.50, -0.50, 52.504, -10.0000, 62.5035, 0.0000 
50.00, 50.50, -0.50, 52.470, -10.0000, 62.4702, 0.0000 
50.00, 50.50, -0.50, 52.437, -10.0000, 62.4369, 0.0000 
50.00, 50.50, -0.50, 52.404, -10.0000, 62.4036, 0.0000 
50.00, 50.00, 0.00, 62.404, 0.0000, 62.4036, 0.0000 
50.00, 50.00, 0.00, 62.404, 0.0000, 62.4036, 0.0000 
50.00, 50.00, 0.00, 62.404, 0.0000, 62.4036, 0.0000 
50.00, 50.00, 0.00, 62.404, 0.0000, 62.4036, 0.0000 
50.00, 50.00, 0.00, 62.404, 0.0000, 62.4036, 0.0000 
50.00, 50.00, 0.00, 62.404, 0.0000, 62.4036, 0.0000 
50.00, 50.00, 0.00, 62.404, 0.0000, 62.4036, 0.0000 
50.00, 50.00, 0.00, 62.404, 0.0000, 62.4036, 0.0000 
50.00, 50.00, 0.00, 62.404, 0.0000, 62.4036, 0.0000 
50.00, 50.50, -0.50, 52.370, -10.0000, 62.3703, -0.0000 
50.00, 50.50, -0.50, 52.337, -10.0000, 62.3370, 0.0000 
50.00, 50.00, 0.00, 62.337, 0.0000, 62.3370, 0.0000 
50.00, 50.50, -0.50, 52.304, -10.0000, 62.3037, -0.0000 
50.00, 50.50, -0.50, 52.270, -10.0000, 62.2704, 0.0000 
50.00, 50.50, -0.50, 52.237, -10.0000, 62.2371, 0.0000 
50.00, 50.00, 0.00, 62.237, 0.0000, 62.2371, 0.0000 
50.00, 50.00, 0.00, 62.237, 0.0000, 62.2371, 0.0000 
50.00, 50.50, -0.50, 52.204, -10.0000, 62.2038, -0.0000 
50.00, 50.50, -0.50, 52.171, -10.0000, 62.1705, 0.0000 
50.00, 50.00, 0.00, 62.171, 0.0000, 62.1705, 0.0000 
50.00, 50.50, -0.50, 52.137, -10.0000, 62.1372, -0.0000 
50.00, 50.50, -0.50, 52.104, -10.0000, 62.1039, 0.0000 
50.00, 50.50, -0.50, 52.071, -10.0000, 62.0706, 0.0000 
50.00, 50.50, -0.50, 52.037, -10.0000, 62.0373, 0.0000 
50.00, 50.50, -0.50, 52.004, -10.0000, 62.0040, 0.0000 
50.00, 50.50, -0.50, 51.971, -10.0000, 61.9707, 0.0000 
50.00, 50.50, -0.50, 51.937, -10.0000, 61.9374, 0.0000 
50.00, 50.50, -0.50, 51.904, -10.0000, 61.9041, 0.0000 
50.00, 50.50, -0.50, 51.871, -10.0000, 61.8708, 0.0000 
50.00, 50.50, -0.50, 51.838, -10.0000, 61.8375, 0.0000 
50.00, 50.50, -0.50, 51.804, -10.0000, 61.8042, 0.0000 
50.00, 50.50, -0.50, 51.771, -10.0000, 61.7709, 0.0000 
50.00, 50.50, -0.50, 51.738, -10.0000, 61.7376, 0.0000 
50.00, 50.50, -0.50, 51.704, -10.0000, 61.7043, 0.0000 
50.00, 50.50, -0.50, 51.671, -10.0000, 61.6710, 0.0000 
50.00, 50.50, -0.50, 51.638, -10.0000, 61.6377, 0.0000 
50.00, 50.50, -0.50, 51.604, -10.0000, 61.6044, 0.0000 
50.00, 50.00, 0.00, 61.604, 0.0000, 61.6044, 0.0000 
50.00, 50.00, 0.00, 61.604, 0.0000, 61.6044, 0.0000 
50.00, 50.00, 0.00, 61.604, 0.0000, 61.6044, 0.0000 
50.00, 50.00, 0.00, 61.604, 0.0000, 61.6044, 0.0000 
50.00, 50.50, -0.50, 51.571, -10.0000, 61.5711, -0.0000 
50.00, 50.50, -0.50, 51.538, -10.0000, 61.5378, 0.0000 
50.00, 50.00, 0.00, 61.538, 0.0000, 61.5378, 0.0000 
50.00, 50.00, 0.00, 61.538, 0.0000, 61.5378, 0.0000 
50.00, 50.50, -0.50, 51.505, -10.0000, 61.5045, -0.0000 
50.00, 50.50, -0.50, 51.471, -10.0000, 61.4712, 0.0000 
50.00, 50.50, -0.50, 51.438, -10.0000, 61.4379, 0.0000 
50.00, 50.00, 0.00, 61.438, 0.0000, 61.4379, 0.0000 
50.00, 50.50, -0.50, 51.405, -10.0000, 61.4046, -0.0000 
50.00, 50.50, -0.50, 51.371, -10.0000, 61.3713, 0.0000 
50.00, 50.50, -0.50, 51.338, -10.0000, 61.3380, 0.0000 
50.00, 50.50, -0.50, 51.305, -10.0000, 61.3047, 0.0000 
50.00, 50.50, -0.50, 51.271, -10.0000, 61.2714, 0.0000 
50.00, 50.00, 0.00, 61.271, 0.0000, 61.2714, 0.0000 
50.00, 50.00, 0.00, 61.271, 0.0000, 61.2714, 0.0000 
50.00, 50.00, 0.00, 61.271, 0.0000, 61.2714, 0.0000 
50.00, 50.00, 0.00, 61.271, 0.0000, 61.2714, 0.0000 
50.00, 50.00, 0.00, 61.271, 0.0000, 61.2714, 0.0000 
50.00, 50.00, 0.00, 61.271, 0.0000, 61.2714, 0.0000 
50.00, 50.00, 0.00, 61.271, 0.0000, 61.2714, 0.0000 
50.00, 50.00, 0.00, 61.271, 0.0000, 61.2714, 0.0000 
50.00, 50.00, 0.00, 61.271, 0.0000, 61.2714, 0.0000 
50.00, 50.00, 0.00, 61.271, 0.0000, 61.2714, 0.0000 
50.00, 50.50, -0.50, 51.238, -10.0000, 61.2381, -0.0000 
50.00, 50.50, -0.50, 51.205, -10.0000, 61.2048, 0.0000 
50.00, 50.50, -0.50, 51.172, -10.0000, 61.1715, 0.0000 
50.00, 50.50, -0.50, 51.138, -10.0000, 61.1382, 0.0000 
50.00, 50.50, -0.50, 51.105, -10.0000, 61.1049, 0.0000 
50.00, 50.50, -0.50, 51.072, -10.0000, 61.0716, 0.0000 
50.00, 50.50, -0.50, 51.038, -10.0000, 61.0383, 0.0000 
50.00, 50.50, -0.50, 51.005, -10.0000, 61.0050, 0.0000 
50.00, 50.50, -0.50, 50.972, -10.0000, 60.9717, 0.0000 
50.00, 50.50, -0.50, 50.938, -10.0000, 60.9384, 0.0000 
50.00, 50.50, -0.50, 50.905, -10.0000, 60.9051, 0.0000 
50.00, 50.00, 0.00, 60.905, 0.0000, 60.9051, 0.0000 
50.00, 50.50, -0.50, 50.872, -10.0000, 60.8718, -0.0000 
50.00, 50.50, -0.50, 50.838, -10.0000, 60.8385, 0.0000 
50.00, 50.50, -0.50, 50.805, -10.0000, 60.8052, 0.0000 
50.00, 50.50, -0.50, 50.772, -10.0000, 60.7719, 0.0000 
50.00, 50.50, -0.50, 50.739, -10.0000, 60.7386, 0.0000 
50.00, 50.00, 0.00, 60.739, 0.0000, 60.7386, 0.0000 
50.00, 50.00, 0.00, 60.739, 0.0000, 60.7386, 0.0000 
50.00, 50.00, 0.00, 60.739, 0.0000, 60.7386, 0.0000 
50.00, 50.00, 0.00, 60.739, 0.0000, 60.7386, 0.0000 
50.00, 50.00, 0.00, 60.739, 0.0000, 60.7386, 0.0000 
50.00, 50.00, 0.00, 60.739, 0.0000, 60.7386, 0.0000 
50.00, 50.00, 0.00, 60.739, 0.0000, 60.7386, 0.0000 
50.00, 50.00, 0.00, 60.739, 0.0000, 60.7386, 0.0000 
50.00, 50.00, 0.00, 60.739, 0.0000, 60.7386, 0.0000 
50.00, 50.00, 0.00, 60.739, 0.0000, 60.7386, 0.0000 
50.00, 50.00, 0.00, 60.739, 0.0000, 60.7386, 0.0000 
50.00, 50.50, -0.50, 50.705, -10.0000, 60.7053, -0.0000 
50.00, 50.50, -0.50, 50.672, -10.0000, 60.6720, 0.0000 
50.00, 50.50, -0.50, 50.639, -10.0000, 60.6387, 0.0000 
50.00, 50.50, -0.50, 50.605, -10.0000, 60.6054, 0.0000 
50.00, 50.50, -0.50, 50.572, -10.0000, 60.5721, 0.0000 
50.00, 50.50, -0.50, 50.539, -10.0000, 60.5388, 0.0000 
50.00, 50.50, -0.50, 50.505, -10.0000, 60.5055, 0.0000 
50.00, 50.00, 0.00, 60.505, 0.0000, 60.5055, 0.0000 
50.00, 50.00, 0.00, 60.505, 0.0000, 60.5055, 0.0000 
50.00, 50.00, 0.00, 60.505, 0.0000, 60.5055, 0.0000 
50.00, 50.00, 0.00, 60.505, 0.0000, 60.5055, 0.0000 
50.00, 50.00, 0.00, 60.505, 0.0000, 60.5055, 0.0000 
50.00, 50.00, 0.00, 60.505, 0.0000, 60.5055, 0.0000 
50.00, 50.50, -0.50, 50.472, -10.0000, 60.4722, -0.0000 
50.00, 50.00, 0.00, 60.472, 0.0000, 60.4722, 0.0000 
50.00, 50.50, -0.50, 50.439, -10.0000, 60.4389, -0.0000 
50.00, 50.50, -0.50, 50.406, -10.0000, 60.4056, 0.0000 
50.00, 50.50, -0.50, 50.372, -10.0000, 60.3723, 0.0000 
50.00, 50.50, -0.50, 50.339, -10.0000, 60.3390, 0.0000 
50.00, 50.50, -0.50, 50.306, -10.0000, 60.3057, 0.0000 
50.00, 50.50, -0.50, 50.272, -10.0000, 60.2724, 0.0000 
50.00, 50.50, -0.50, 50.239, -10.0000, 60.2391, 0.0000 
50.00, 50.50, -0.50, 50.206, -10.0000, 60.2058, 0.0000 
50.00, 50.00, 0.00, 60.206, 0.0000, 60.2058, 0.0000 
50.00, 50.50, -0.50, 50.172, -10.0000, 60.1725, -0.0000 
50.00, 50.50, -0.50, 50.139, -10.0000, 60.1392, 0.0000 
50.00, 50.50, -0.50, 50.106, -10.0000, 60.1059, 0.0000 
50.00, 50.50, -0.50, 50.073, -10.0000, 60.0726, 0.0000 
50.00, 50.50, -0.50, 50.039, -10.0000, 60.0393, 0.0000 
50.00, 50.50, -0.50, 50.006, -10.0000, 60.0060, 0.0000 
50.00, 50.50, -0.50, 49.973, -10.0000, 59.9727, 0.0000 
50.00, 50.00, 0.00, 59.973, 0.0000, 59.9727, 0.0000 
50.00, 50.00, 0.00, 59.973, 0.0000, 59.9727, 0.0000 
50.00, 50.00, 0.00, 59.973, 0.0000, 59.9727, 0.0000 
50.00, 50.00, 0.00, 59.973, 0.0000, 59.9727, 0.0000 
50.00, 50.00, 0.00, 59.973, 0.0000, 59.9727, 0.0000 
50.00, 50.00, 0.00, 59.973, 0.0000, 59.9727, 0.0000 
50.00, 50.00, 0.00, 59.973, 0.0000, 59.9727, 0.0000 
50.00, 50.00, 0.00, 59.973, 0.0000, 59.9727, 0.0000 
50.00, 50.00, 0.00, 59.973, 0.0000, 59.9727, 0.0000 
50.00, 50.00, 0.00, 59.973, 0.0000, 59.9727, 0.0000 
50.00, 50.00, 0.00, 59.973, 0.0000, 59.9727, 0.0000 
50.00, 50.00, 0.00, 59.973, 0.0000, 59.9727, 0.0000 
50.00, 50.00, 0.00, 59.973, 0.0000, 59.9727, 0.0000 
50.00, 50.00, 0.00, 59.973, 0.0000, 59.9727, 0.0000 
50.00, 50.00, 0.00, 59.973, 0.0000, 59.9727, 0.0000 
50.00, 50.00, 0.00, 59.973, 0.0000, 59.9727, 0.0000 
50.00, 50.50, -0.50, 49.939, -10.0000, 59.9394, -0.0000 
50.00, 50.50, -0.50, 49.906, -10.0000, 59.9061, 0.0000 
50.00, 50.50, -0.50, 49.873, -10.0000, 59.8728, 0.0000 
50.00, 50.50, -0.50, 49.839, -10.0000, 59.8395, 0.0000 
50.00, 50.50, -0.50, 49.806, -10.0000, 59.8062, 0.0000 
50.00, 50.00, 0.00, 59.806, 0.0000, 59.8062, 0.0000 
50.00, 50.00, 0.00, 59.806, 0.0000, 59.8062, 0.0000 
50.00, 50.00, 0.00, 59.806, 0.0000, 59.8062, 0.0000 
50.00, 50.00, 0.00, 59.806, 0.0000, 59.8062, 0.0000 
50.00, 50.00, 0.00, 59.806, 0.0000, 59.8062, 0.0000 
50.00, 50.00, 0.00, 59.806, 0.0000, 59.8062, 0.0000 
50.00, 50.00, 0.00, 59.806, 0.0000, 59.8062, 0.0000 
50.00, 50.00, 0.00, 59.806, 0.0000, 59.8062, 0.0000 
50.00, 50.00, 0.00, 59.806, 0.0000, 59.8062, 0.0000 
50.00, 50.00, 0.00, 59.806, 0.0000, 59.8062, 0.0000 
50.00, 50.00, 0.00, 59.806, 0.0000, 59.8062, 0.0000 
50.00, 50.00, 0.00, 59.806, 0.0000, 59.8062, 0.0000 
50.00, 50.00, 0.00, 59.806, 0.0000, 59.8062, 0.0000 
50.00, 50.00, 0.00, 59.806, 0.0000, 59.8062, 0.0000 
50.00, 50.50, -0.50, 49.773, -10.0000, 59.7729, -0.0000 
50.00, 50.50, -0.50, 49.740, -10.0000, 59.7396, 0.0000 
50.00, 50.50, -0.50, 49.706, -10.0000, 59.7063, 0.0000 
50.00, 50.50, -0.50, 49.673, -10.0000, 59.6730, 0.0000 
50.00, 50.50, -0.50, 49.640, -10.0000, 59.6397, 0.0000 
50.00, 50.50, -0.50, 49.606, -10.0000, 59.6064, 0.0000 
50.00, 50.50, -0.50, 49.573, -10.0000, 59.5731, 0.0000 
50.00, 50.50, -0.50, 49.540, -10.0000, 59.5398, 0.0000 
50.00, 50.50, -0.50, 49.506, -10.0000, 59.5065, 0.0000 
50.00, 50.50, -0.50, 49.473, -10.0000, 59.4732, 0.0000 
50.00, 50.50, -0.50, 49.440, -10.0000, 59.4399, 0.0000 
50.00, 50.00, 0.00, 59.440, 0.0000, 59.4399, 0.0000 
50.00, 50.00, 0.00, 59.440, 0.0000, 59.4399, 0.0000 
50.00, 50.00, 0.00, 59.440, 0.0000, 59.4399, 0.0000 
50.00, 50.00, 0.00, 59.440, 0.0000, 59.4399, 0.0000 
50.00, 50.00, 0.00, 59.440, 0.0000, 59.4399, 0.0000 
50.00, 50.00, 0.00, 59.440, 0.0000, 59.4399, 0.0000 
50.00, 50.00, 0.00, 59.440, 0.0000, 59.4399, 0.0000 
50.00, 50.00, 0.00, 59.440, 0.0000, 59.4399, 0.0000 
50.00, 50.00, 0.00, 59.440, 0.0000, 59.4399, 0.0000 
50.00, 50.00, 0.00, 59.440, 0.0000, 59.4399, 0.0000 
50.00, 50.00, 0.00, 59.440, 0.0000, 59.4399, 0.0000 
50.00, 50.00, 0.00, 59.440, 0.0000, 59.4399, 0.0000 
50.00, 50.00, 0.00, 59.440, 0.0000, 59.4399, 0.0000 
50.00, 50.00, 0.00, 59.440, 0.0000, 59.4399, 0.0000 
50.00, 50.00, 0.00, 59.440, 0.0000, 59.4399, 0.0000 
50.00, 50.00, 0.00, 59.440, 0.0000, 59.4399, 0.0000 
50.00, 50.00, 0.00, 59.440, 0.0000, 59.4399, 0.0000 
50.00, 50.50, -0.50, 49.407, -10.0000, 59.4066, -0.0000 
50.00, 50.00, 0.00, 59.407, 0.0000, 59.4066, 0.0000 
50.00, 50.50, -0.50, 49.373, -10.0000, 59.3733, -0.0000 
50.00, 50.50, -0.50, 49.340, -10.0000, 59.3400, 0.0000 
50.00, 50.50, -0.50, 49.307, -10.0000, 59.3067, 0.0000 
50.00, 50.50, -0.50, 49.273, -10.0000, 59.2734, 0.0000 
50.00, 50.50, -0.50, 49.240, -10.0000, 59.2401, 0.0000 
50.00, 50.50, -0.50, 49.207, -10.0000, 59.2068, 0.0000 
50.00, 50.00, 0.00, 59.207, 0.0000, 59.2068, 0.0000 
50.00, 50.50, -0.50, 49.173, -10.0000, 59.1735, -0.0000 
50.00, 50.50, -0.50, 49.140, -10.0000, 59.1402, 0.0000 
50.00, 50.50, -0.50, 49.107, -10.0000, 59.1069, 0.0000 
50.00, 50.00, 0.00, 59.107, 0.0000, 59.1069, 0.0000 
50.00, 50.00, 0.00, 59.107, 0.0000, 59.1069, 0.0000 
50.00, 50.00, 0.00, 59.107, 0.0000, 59.1069, 0.0000 
50.00, 50.00, 0.00, 59.107, 0.0000, 59.1069, 0.0000 
50.00, 50.00, 0.00, 59.107, 0.0000, 59.1069, 0.0000 
50.00, 50.00, 0.00, 59.107, 0.0000, 59.1069, 0.0000 
50.00, 50.00, 0.00, 59.107, 0.0000, 59.1069, 0.0000 
50.00, 50.00, 0.00, 59.107, 0.0000, 59.1069, 0.0000 
50.00, 50.00, 0.00, 59.107, 0.0000, 59.1069, 0.0000 
50.00, 50.00, 0.00, 59.107, 0.0000, 59.1069, 0.0000 
50.00, 50.00, 0.00, 59.107, 0.0000, 59.1069, 0.0000 
50.00, 50.00, 0.00, 59.107, 0.0000, 59.1069, 0.0000 
50.00, 50.50, -0.50, 49.074, -10.0000, 59.0736, -0.0000 
50.00, 50.50, -0.50, 49.040, -10.0000, 59.0403, 0.0000 
50.00, 50.50, -0.50, 49.007, -10.0000, 59.0070, 0.0000 
50.00, 50.50, -0.50, 48.974, -10.0000, 58.9737, 0.0000 
50.00, 50.50, -0.50, 48.940, -10.0000, 58.9403, 0.0000 
50.00, 50.50, -0.50, 48.907, -10.0000, 58.9071, 0.0000 
50.00, 50.50, -0.50, 48.874, -10.0000, 58.8737, 0.0000 
50.00, 50.50, -0.50, 48.840, -10.0000, 58.8405, 0.0000 
50.00, 50.50, -0.50, 48.807, -10.0000, 58.8071, 0.0000 
50.00, 50.00, 0.00, 58.807, 0.0000, 58.8071, 0.0000 
50.00, 50.00, 0.00, 58.807, 0.0000, 58.8071, 0.0000 
50.00, 50.00, 0.00, 58.807, 0.0000, 58.8071, 0.0000 
50.00, 50.00, 0.00, 58.807, 0.0000, 58.8071, 0.0000 
50.00, 50.00, 0.00, 58.807, 0.0000, 58.8071, 0.0000 
50.00, 50.50, -0.50, 48.774, -10.0000, 58.7738, -0.0000 
50.00, 50.00, 0.00, 58.774, 0.0000, 58.7738, 0.0000 
50.00, 50.50, -0.50, 48.741, -10.0000, 58.7405, -0.0000 
50.00, 50.50, -0.50, 48.707, -10.0000, 58.7072, 0.0000 
50.00, 50.50, -0.50, 48.674, -10.0000, 58.6739, 0.0000 
50.00, 50.50, -0.50, 48.641, -10.0000, 58.6406, 0.0000 
50.00, 50.50, -0.50, 48.607, -10.0000, 58.6073, 0.0000 
50.00, 50.00, 0.00, 58.607, 0.0000, 58.6073, 0.0000 
50.00, 50.00, 0.00, 58.607, 0.0000, 58.6073, 0.0000 
50.00, 50.00, 0.00, 58.607, 0.0000, 58.6073, 0.0000 
50.00, 50.00, 0.00, 58.607, 0.0000, 58.6073, 0.0000 
50.00, 50.00, 0.00, 58.607, 0.0000, 58.6073, 0.0000 
50.00, 50.00, 0.00, 58.607, 0.0000, 58.6073, 0.0000 
50.00, 50.00, 0.00, 58.607, 0.0000, 58.6073, 0.0000 
50.00, 50.00, 0.00, 58.607, 0.0000, 58.6073, 0.0000 
50.00, 50.00, 0.00, 58.607, 0.0000, 58.6073, 0.0000 
50.00, 50.50, -0.50, 48.574, -10.0000, 58.5740, -0.0000 
50.00, 50.50, -0.50, 48.541, -10.0000, 58.5407, 0.0000 
50.00, 50.00, 0.00, 58.541, 0.0000, 58.5407, 0.0000 
50.00, 50.00, 0.00, 58.541, 0.0000, 58.5407, 0.0000 
50.00, 50.00, 0.00, 58.541, 0.0000, 58.5407, 0.0000 
50.00, 50.00, 0.00, 58.541, 0.0000, 58.5407, 0.0000 
50.00, 50.00, 0.00, 58.541, 0.0000, 58.5407, 0.0000 
50.00, 50.50, -0.50, 48.507, -10.0000, 58.5074, -0.0000 
50.00, 50.50, -0.50, 48.474, -10.0000, 58.4741, 0.0000 
50.00, 50.50, -0.50, 48.441, -10.0000, 58.4408, 0.0000 
50.00, 50.50, -0.50, 48.408, -10.0000, 58.4075, 0.0000 
50.00, 50.50, -0.50, 48.374, -10.0000, 58.3742, 0.0000 
50.00, 50.50, -0.50, 48.341, -10.0000, 58.3409, 0.0000 
50.00, 50.50, -0.50, 48.308, -10.0000, 58.3076, 0.0000 
50.00, 50.50, -0.50, 48.274, -10.0000, 58.2743, 0.0000 
50.00, 50.50, -0.50, 48.241, -10.0000, 58.2410, 0.0000 
50.00, 50.00, 0.00, 58.241, 0.0000, 58.2410, 0.0000 
50.00, 50.00, 0.00, 58.241, 0.0000, 58.2410, 0.0000 
50.00, 50.00, 0.00, 58.241, 0.0000, 58.2410, 0.0000 
50.00, 50.00, 0.00, 58.241, 0.0000, 58.2410, 0.0000 
50.00, 50.00, 0.00, 58.241, 0.0000, 58.2410, 0.0000 
50.00, 50.00, 0.00, 58.241, 0.0000, 58.2410, 0.0000 
50.00, 50.00, 0.00, 58.241, 0.0000, 58.2410, 0.0000 
50.00, 50.00, 0.00, 58.241, 0.0000, 58.2410, 0.0000 
50.00, 50.00, 0.00, 58.241, 0.0000, 58.2410, 0.0000 
50.00, 50.00, 0.00, 58.241, 0.0000, 58.2410, 0.0000 
50.00, 50.00, 0.00, 58.241, 0.0000, 58.2410, 0.0000 
50.00, 50.00, 0.00, 58.241, 0.0000, 58.2410, 0.0000 
50.00, 50.00, 0.00, 58.241, 0.0000, 58.2410, 0.0000 
50.00, 50.00, 0.00, 58.241, 0.0000, 58.2410, 0.0000 
50.00, 50.00, 0.00, 58.241, 0.0000, 58.2410, 0.0000 
50.00, 50.50, -0.50, 48.208, -10.0000, 58.2077, -0.0000 
50.00, 50.50, -0.50, 48.174, -10.0000, 58.1744, 0.0000 
50.00, 50.50, -0.50, 48.141, -10.0000, 58.1411, 0.0000 
50.00, 50.50, -0.50, 48.108, -10.0000, 58.1078, 0.0000 
50.00, 50.50, -0.50, 48.075, -10.0000, 58.0745, 0.0000 
50.00, 50.50, -0.50, 48.041, -10.0000, 58.0412, 0.0000 
50.00, 50.00, 0.00, 58.041, 0.0000, 58.0412, 0.0000 
50.00, 50.00, 0.00, 58.041, 0.0000, 58.0412, 0.0000 
50.00, 50.50, -0.50, 48.008, -10.0000, 58.0079, -0.0000 
50.00, 50.50, -0.50, 47.975, -10.0000, 57.9746, 0.0000 
50.00, 50.50, -0.50, 47.941, -10.0000, 57.9413, 0.0000 
50.00, 50.00, 0.00, 57.941, 0.0000, 57.9413, 0.0000 
50.00, 50.00, 0.00, 57.941, 0.0000, 57.9413, 0.0000 
50.00, 50.00, 0.00, 57.941, 0.0000, 57.9413, 0.0000 
50.00, 50.00, 0.00, 57.941, 0.0000, 57.9413, 0.0000 
50.00, 50.00, 0.00, 57.941, 0.0000, 57.9413, 0.0000 
50.00, 50.00, 0.00, 57.941, 0.0000, 57.9413, 0.0000 
50.00, 50.00, 0.00, 57.941, 0.0000, 57.9413, 0.0000 
50.00, 50.50, -0.50, 47.908, -10.0000, 57.9080, -0.0000 
50.00, 50.50, -0.50, 47.875, -10.0000, 57.8747, 0.0000 
50.00, 50.50, -0.50, 47.841, -10.0000, 57.8414, 0.0000 
50.00, 50.00, 0.00, 57.841, 0.0000, 57.8414, 0.0000 
50.00, 50.50, -0.50, 47.808, -10.0000, 57.8081, -0.0000 
50.00, 50.50, -0.50, 47.775, -10.0000, 57.7748, 0.0000 
50.00, 50.00, 0.00, 57.775, 0.0000, 57.7748, 0.0000 
50.00, 50.00, 0.00, 57.775, 0.0000, 57.7748, 0.0000 
50.00, 50.00, 0.00, 57.775, 0.0000, 57.7748, 0.0000 
50.00, 50.00, 0.00, 57.775, 0.0000, 57.7748, 0.0000 
50.00, 50.00, 0.00, 57.775, 0.0000, 57.7748, 0.0000 
50.00, 50.00, 0.00, 57.775, 0.0000, 57.7748, 0.0000 
50.00, 50.00, 0.00, 57.775, 0.0000, 57.7748, 0.0000 
50.00, 50.00, 0.00, 57.775, 0.0000, 57.7748, 0.0000 
50.00, 50.00, 0.00, 57.775, 0.0000, 57.7748, 0.0000 
50.00, 50.00, 0.00, 57.775, 0.0000, 57.7748, 0.0000 
50.00, 50.00, 0.00, 57.775, 0.0000, 57.7748, 0.0000 
50.00, 50.00, 0.00, 57.775, 0.0000, 57.7748, 0.0000 
50.00, 50.50, -0.50, 47.742, -10.0000, 57.7415, -0.0000 
50.00, 50.50, -0.50, 47.708, -10.0000, 57.7082, 0.0000 
50.00, 50.50, -0.50, 47.675, -10.0000, 57.6749, 0.0000 
50.00, 50.50, -0.50, 47.642, -10.0000, 57.6416, 0.0000 
50.00, 50.00, 0.00, 57.642, 0.0000, 57.6416, 0.0000 
50.00, 50.00, 0.00, 57.642, 0.0000, 57.6416, 0.0000 
50.00, 50.00, 0.00, 57.642, 0.0000, 57.6416, 0.0000 
50.00, 50.00, 0.00, 57.642, 0.0000, 57.6416, 0.0000 
50.00, 50.00, 0.00, 57.642, 0.0000, 57.6416, 0.0000 
50.00, 50.00, 0.00, 57.642, 0.0000, 57.6416, 0.0000 
50.00, 50.00, 0.00, 57.642, 0.0000, 57.6416, 0.0000 
50.00, 50.00, 0.00, 57.642, 0.0000, 57.6416, 0.0000 
50.00, 50.00, 0.00, 57.642, 0.0000, 57.6416, 0.0000 
50.00, 50.00, 0.00, 57.642, 0.0000, 57.6416, 0.0000 
50.00, 50.00, 0.00, 57.642, 0.0000, 57.6416, 0.0000 
50.00, 50.00, 0.00, 57.642, 0.0000, 57.6416, 0.0000 
50.00, 50.00, 0.00, 57.642, 0.0000, 57.6416, 0.0000 
50.00, 50.00, 0.00, 57.642, 0.0000, 57.6416, 0.0000 
50.00, 50.00, 0.00, 57.642, 0.0000, 57.6416, 0.0000 
50.00, 50.50, -0.50, 47.608, -10.0000, 57.6083, -0.0000 
50.00, 50.50, -0.50, 47.575, -10.0000, 57.5750, 0.0000 
50.00, 50.50, -0.50, 47.542, -10.0000, 57.5417, 0.0000 
50.00, 50.50, -0.50, 47.508, -10.0000, 57.5084, 0.0000 
50.00, 50.50, -0.50, 47.475, -10.0000, 57.4751, 0.0000 
50.00, 50.50, -0.50, 47.442, -10.0000, 57.4418, 0.0000 
50.00, 50.50, -0.50, 47.409, -10.0000, 57.4085, 0.0000 
50.00, 50.50, -0.50, 47.375, -10.0000, 57.3752, 0.0000 
50.00, 50.50, -0.50, 47.342, -10.0000, 57.3419, 0.0000 
50.00, 50.00, 0.00, 57.342, 0.0000, 57.3419, 0.0000 
50.00, 50.00, 0.00, 57.342, 0.0000, 57.3419, 0.0000 
50.00, 50.00, 0.00, 57.342, 0.0000, 57.3419, 0.0000 
50.00, 50.00, 0.00, 57.342, 0.0000, 57.3419, 0.0000 
50.00, 50.00, 0.00, 57.342, 0.0000, 57.3419, 0.0000 
50.00, 50.00, 0.00, 57.342, 0.0000, 57.3419, 0.0000 
50.00, 50.00, 0.00, 57.342, 0.0000, 57.3419, 0.0000 
50.00, 50.50, -0.50, 47.309, -10.0000, 57.3086, -0.0000 
50.00, 50.00, 0.00, 57.309, 0.0000, 57.3086, 0.0000 
50.00, 50.50, -0.50, 47.275, -10.0000, 57.2753, -0.0000 
50.00, 50.00, 0.00, 57.275, 0.0000, 57.2753, 0.0000 
50.00, 50.50, -0.50, 47.242, -10.0000, 57.2420, -0.0000 
50.00, 50.00, 0.00, 57.242, 0.0000, 57.2420, 0.0000 
50.00, 50.50, -0.50, 47.209, -10.0000, 57.2087, -0.0000 
50.00, 50.50, -0.50, 47.175, -10.0000, 57.1754, 0.0000 
50.00, 50.50, -0.50, 47.142, -10.0000, 57.1421, 0.0000 
50.00, 50.50, -0.50, 47.109, -10.0000, 57.1088, 0.0000 
50.00, 50.00, 0.00, 57.109, 0.0000, 57.1088, 0.0000 
50.00, 50.00, 0.00, 57.109, 0.0000, 57.1088, 0.0000 
50.00, 50.00, 0.00, 57.109, 0.0000, 57.1088, 0.0000 
50.00, 50.00, 0.00, 57.109, 0.0000, 57.1088, 0.0000 
50.00, 50.00, 0.00, 57.109, 0.0000, 57.1088, 0.0000 
50.00, 50.00, 0.00, 57.109, 0.0000, 57.1088, 0.0000 
50.00, 50.00, 0.00, 57.109, 0.0000, 57.1088, 0.0000 
50.00, 50.00, 0.00, 57.109, 0.0000, 57.1088, 0.0000 
50.00, 50.50, -0.50, 47.076, -10.0000, 57.0755, -0.0000 
50.00, 50.00, 0.00, 57.076, 0.0000, 57.0755, 0.0000 
50.00, 50.50, -0.50, 47.042, -10.0000, 57.0422, -0.0000 
50.00, 50.00, 0.00, 57.042, 0.0000, 57.0422, 0.0000 
50.00, 50.00, 0.00, 57.042, 0.0000, 57.0422, 0.0000 
50.00, 50.50, -0.50, 47.009, -10.0000, 57.0089, -0.0000 
50.00, 50.50, -0.50, 46.976, -10.0000, 56.9756, 0.0000 
50.00, 50.00, 0.00, 56.976, 0.0000, 56.9756, 0.0000 
50.00, 50.00, 0.00, 56.976, 0.0000, 56.9756, 0.0000 
50.00, 50.00, 0.00, 56.976, 0.0000, 56.9756, 0.0000 
50.00, 50.00, 0.00, 56.976, 0.0000, 56.9756, 0.0000 
50.00, 50.50, -0.50, 46.942, -10.0000, 56.9423, -0.0000 
50.00, 50.00, 0.00, 56.942, 0.0000, 56.9423, 0.0000 
50.00, 50.50, -0.50, 46.909, -10.0000, 56.9090, -0.0000 
50.00, 50.00, 0.00, 56.909, 0.0000, 56.9090, 0.0000 
50.00, 50.50, -0.50, 46.876, -10.0000, 56.8757, -0.0000 
50.00, 50.50, -0.50, 46.842, -10.0000, 56.8424, 0.0000 
50.00, 50.00, 0.00, 56.842, 0.0000, 56.8424, 0.0000 
50.00, 50.00, 0.00, 56.842, 0.0000, 56.8424, 0.0000 
50.00, 50.00, 0.00, 56.842, 0.0000, 56.8424, 0.0000 
50.00, 50.00, 0.00, 56.842, 0.0000, 56.8424, 0.0000 
50.00, 50.00, 0.00, 56.842, 0.0000, 56.8424, 0.0000 
50.00, 50.00, 0.00, 56.842, 0.0000, 56.8424, 0.0000 
50.00, 50.00, 0.00, 56.842, 0.0000, 56.8424, 0.0000 
50.00, 50.00, 0.00, 56.842, 0.0000, 56.8424, 0.0000 
50.00, 50.00, 0.00, 56.842, 0.0000, 56.8424, 0.0000 
50.00, 50.00, 0.00, 56.842, 0.0000, 56.8424, 0.0000 
50.00, 50.00, 0.00, 56.842, 0.0000, 56.8424, 0.0000 
50.00, 50.50, -0.50, 46.809, -10.0000, 56.8091, -0.0000 
50.00, 50.00, 0.00, 56.809, 0.0000, 56.8091, 0.0000 
50.00, 50.50, -0.50, 46.776, -10.0000, 56.7758, -0.0000 
50.00, 50.50, -0.50, 46.743, -10.0000, 56.7425, 0.0000 
50.00, 50.00, 0.00, 56.743, 0.0000, 56.7425, 0.0000 
50.00, 50.00, 0.00, 56.743, 0.0000, 56.7425, 0.0000 
50.00, 50.50, -0.50, 46.709, -10.0000, 56.7092, -0.0000 
50.00, 50.00, 0.00, 56.709, 0.0000, 56.7092, 0.0000 
50.00, 50.00, 0.00, 56.709, 0.0000, 56.7092, 0.0000 
50.00, 50.50, -0.50, 46.676, -10.0000, 56.6759, -0.0000 
50.00, 50.50, -0.50, 46.643, -10.0000, 56.6426, 0.0000 
50.00, 50.00, 0.00, 56.643, 0.0000, 56.6426, 0.0000 
50.00, 50.00, 0.00, 56.643, 0.0000, 56.6426, 0.0000 
50.00, 50.00, 0.00, 56.643, 0.0000, 56.6426, 0.0000 
50.00, 50.00, 0.00, 56.643, 0.0000, 56.6426, 0.0000 
50.00, 50.00, 0.00, 56.643, 0.0000, 56.6426, 0.0000 
50.00, 50.00, 0.00, 56.643, 0.0000, 56.6426, 0.0000 
50.00, 50.00, 0.00, 56.643, 0.0000, 56.6426, 0.0000 
50.00, 50.00, 0.00, 56.643, 0.0000, 56.6426, 0.0000 
50.00, 50.00, 0.00, 56.643, 0.0000, 56.6426, 0.0000 
50.00, 50.00, 0.00, 56.643, 0.0000, 56.6426, 0.0000 
50.00, 50.00, 0.00, 56.643, 0.0000, 56.6426, 0.0000 
50.00, 50.00, 0.00, 56.643, 0.0000, 56.6426, 0.0000 
50.00, 50.00, 0.00, 56.643, 0.0000, 56.6426, 0.0000 
50.00, 50.00, 0.00, 56.643, 0.0000, 56.6426, 0.0000 
50.00, 50.00, 0.00, 56.643, 0.0000, 56.6426, 0.0000 
50.00, 50.00, 0.00, 56.643, 0.0000, 56.6426, 0.0000 
50.00, 50.00, 0.00, 56.643, 0.0000, 56.6426, 0.0000 
50.00, 50.00, 0.00, 56.643, 0.0000, 56.6426, 0.0000 
50.00, 50.00, 0.00, 56.643, 0.0000, 56.6426, 0.0000 
50.00, 50.50, -0.50, 46.609, -10.0000, 56.6093, -0.0000 
50.00, 50.00, 0.00, 56.609, 0.0000, 56.6093, 0.0000 
50.00, 50.50, -0.50, 46.576, -10.0000, 56.5760, -0.0000 
50.00, 50.50, -0.50, 46.543, -10.0000, 56.5427, 0.0000 
50.00, 50.50, -0.50, 46.509, -10.0000, 56.5094, 0.0000 
50.00, 50.50, -0.50, 46.476, -10.0000, 56.4761, 0.0000 
50.00, 50.50, -0.50, 46.443, -10.0000, 56.4428, 0.0000 
50.00, 50.00, 0.00, 56.443, 0.0000, 56.4428, 0.0000 
50.00, 50.00, 0.00, 56.443, 0.0000, 56.4428, 0.0000 
50.00, 50.00, 0.00, 56.443, 0.0000, 56.4428, 0.0000 
50.00, 50.00, 0.00, 56.443, 0.0000, 56.4428, 0.0000 
50.00, 50.00, 0.00, 56.443, 0.0000, 56.4428, 0.0000 
50.00, 50.00, 0.00, 56.443, 0.0000, 56.4428, 0.0000 
50.00, 50.00, 0.00, 56.443, 0.0000, 56.4428, 0.0000 
50.00, 50.00, 0.00, 56.443, 0.0000, 56.4428, 0.0000 
50.00, 50.00, 0.00, 56.443, 0.0000, 56.4428, 0.0000 
50.00, 50.00, 0.00, 56.443, 0.0000, 56.4428, 0.0000 
50.00, 50.00, 0.00, 56.443, 0.0000, 56.4428, 0.0000 
50.00, 50.00, 0.00, 56.443, 0.0000, 56.4428, 0.0000 
50.00, 50.00, 0.00, 56.443, 0.0000, 56.4428, 0.0000 
50.00, 50.50, -0.50, 46.409, -10.0000, 56.4095, -0.0000 
50.00, 50.00, 0.00, 56.409, 0.0000, 56.4095, 0.0000 
50.00, 50.50, -0.50, 46.376, -10.0000, 56.3762, -0.0000 
50.00, 50.00, 0.00, 56.376, 0.0000, 56.3762, 0.0000 
50.00, 50.50, -0.50, 46.343, -10.0000, 56.3429, -0.0000 
50.00, 50.50, -0.50, 46.310, -10.0000, 56.3096, 0.0000 
50.00, 50.00, 0.00, 56.310, 0.0000, 56.3096, 0.0000 
50.00, 50.00, 0.00, 56.310, 0.0000, 56.3096, 0.0000 
50.00, 50.50, -0.50, 46.276, -10.0000, 56.2763, -0.0000 
50.00, 50.00, 0.00, 56.276, 0.0000, 56.2763, 0.0000 
50.00, 50.00, 0.00, 56.276, 0.0000, 56.2763, 0.0000 
50.00, 50.50, -0.50, 46.243, -10.0000, 56.2430, -0.0000 
50.00, 50.50, -0.50, 46.210, -10.0000, 56.2097, 0.0000 
50.00, 50.00, 0.00, 56.210, 0.0000, 56.2097, 0.0000 
50.00, 50.00, 0.00, 56.210, 0.0000, 56.2097, 0.0000 
50.00, 50.50, -0.50, 46.176, -10.0000, 56.1764, -0.0000 
50.00, 50.50, -0.50, 46.143, -10.0000, 56.1431, 0.0000 
50.00, 50.00, 0.00, 56.143, 0.0000, 56.1431, 0.0000 
50.00, 50.00, 0.00, 56.143, 0.0000, 56.1431, 0.0000 
50.00, 50.00, 0.00, 56.143, 0.0000, 56.1431, 0.0000 
50.00, 50.00, 0.00, 56.143, 0.0000, 56.1431, 0.0000 
50.00, 50.00, 0.00, 56.143, 0.0000, 56.1431, 0.0000 
50.00, 50.00, 0.00, 56.143, 0.0000, 56.1431, 0.0000 
50.00, 50.00, 0.00, 56.143, 0.0000, 56.1431, 0.0000 
50.00, 50.00, 0.00, 56.143, 0.0000, 56.1431, 0.0000 
50.00, 50.00, 0.00, 56.143, 0.0000, 56.1431, 0.0000 
50.00, 50.00, 0.00, 56.143, 0.0000, 56.1431, 0.0000 
50.00, 50.00, 0.00, 56.143, 0.0000, 56.1431, 0.0000 
50.00, 50.00, 0.00, 56.143, 0.0000, 56.1431, 0.0000 
50.00, 50.00, 0.00, 56.143, 0.0000, 56.1431, 0.0000 
50.00, 50.00, 0.00, 56.143, 0.0000, 56.1431, 0.0000 
50.00, 50.00, 0.00, 56.143, 0.0000, 56.1431, 0.0000 
50.00, 50.00, 0.00, 56.143, 0.0000, 56.1431, 0.0000 
50.00, 50.00, 0.00, 56.143, 0.0000, 56.1431, 0.0000 
50.00, 50.00, 0.00, 56.143, 0.0000, 56.1431, 0.0000 
50.00, 50.00, 0.00, 56.143, 0.0000, 56.1431, 0.0000 
50.00, 50.00, 0.00, 56.143, 0.0000, 56.1431, 0.0000 
50.00, 50.00, 0.00, 56.143, 0.0000, 56.1431, 0.0000 
50.00, 50.00, 0.00, 56.143, 0.0000, 56.1431, 0.0000 
50.00, 50.00, 0.00, 56.143, 0.0000, 56.1431, 0.0000 
50.00, 50.00, 0.00, 56.143, 0.0000, 56.1431, 0.0000 
50.00, 50.00, 0.00, 56.143, 0.0000, 56.1431, 0.0000 
50.00, 50.00, 0.00, 56.143, 0.0000, 56.1431, 0.0000 
50.00, 50.00, 0.00, 56.143, 0.0000, 56.1431, 0.0000 
50.00, 50.00, 0.00, 56.143, 0.0000, 56.1431, 0.0000 
50.00, 50.00, 0.00, 56.143, 0.0000, 56.1431, 0.0000 
50.00, 50.00, 0.00, 56.143, 0.0000, 56.1431, 0.0000 
50.00, 50.00, 0.00, 56.143, 0.0000, 56.1431, 0.0000 
50.00, 50.00, 0.00, 56.143, 0.0000, 56.1431, 0.0000 
50.00, 50.00, 0.00, 56.143, 0.0000, 56.1431, 0.0000 
50.00, 50.00, 0.00, 56.143, 0.0000, 56.1431, 0.0000 
50.00, 50.00, 0.00, 56.143, 0.0000, 56.1431, 0.0000 
50.00, 50.00, 0.00, 56.143, 0.0000, 56.1431, 0.0000 
50.00, 50.00, 0.00, 56.143, 0.0000, 56.1431, 0.0000 
50.00, 50.00, 0.00, 56.143, 0.0000, 56.1431, 0.0000 
50.00, 50.00, 0.00, 56.143, 0.0000, 56.1431, 0.0000 