Temperature control application started
Kp: 2.000000, Ki: 0.033333, Kd: 0.166667
30.00, 30.00, 0.00, 9.102, 0.0000, 9.1020, 0.0000 
30.00, 30.00, 0.00, 9.102, 0.0000, 9.1020, 0.0000 
30.00, 30.00, 0.00, 9.102, 0.0000, 9.1020, 0.0000 
30.00, 30.00, 0.00, 9.102, 0.0000, 9.1020, 0.0000 
30.00, 30.00, 0.00, 9.102, 0.0000, 9.1020, 0.0000 
30.00, 30.00, 0.00, 9.102, 0.0000, 9.1020, 0.0000 
30.00, 30.00, 0.00, 9.102, 0.0000, 9.1020, 0.0000 
30.00, 30.00, 0.00, 9.102, 0.0000, 9.1020, 0.0000 
30.00, 30.00, 0.00, 9.102, 0.0000, 9.1020, 0.0000 
30.00, 30.00, 0.00, 9.102, 0.0000, 9.1020, 0.0000 
30.00, 30.00, 0.00, 9.102, 0.0000, 9.1020, 0.0000 
30.00, 30.00, 0.00, 9.102, 0.0000, 9.1020, 0.0000 
30.00, 30.00, 0.00, 9.102, 0.0000, 9.1020, 0.0000 
30.00, 30.00, 0.00, 9.102, 0.0000, 9.1020, 0.0000 
30.00, 30.00, 0.00, 9.102, 0.0000, 9.1020, 0.0000 
30.00, 30.00, 0.00, 9.102, 0.0000, 9.1020, 0.0000 
30.00, 30.00, 0.00, 9.102, 0.0000, 9.1020, 0.0000 
30.00, 30.00, 0.00, 9.102, 0.0000, 9.1020, 0.0000 
30.00, 30.00, 0.00, 9.102, 0.0000, 9.1020, 0.0000 
30.00, 30.00, 0.00, 9.102, 0.0000, 9.1020, 0.0000 
30.00, 30.00, 0.00, 9.102, 0.0000, 9.1020, 0.0000 
30.00, 30.00, 0.00, 9.102, 0.0000, 9.1020, 0.0000 
30.00, 30.00, 0.00, 9.102, 0.0000, 9.1020, 0.0000 
30.00, 30.00, 0.00, 9.102, 0.0000, 9.1020, 0.0000 
30.00, 30.00, 0.00, 9.102, 0.0000, 9.1020, 0.0000 
30.00, 30.00, 0.00, 9.102, 0.0000, 9.1020, 0.0000 
30.00, 30.00, 0.00, 9.102, 0.0000, 9.1020, 0.0000 
30.00, 30.00, 0.00, 9.102, 0.0000, 9.1020, 0.0000 
30.00, 30.00, 0.00, 9.102, 0.0000, 9.1020, 0.0000 
30.00, 30.00, 0.00, 9.102, 0.0000, 9.1020, 0.0000 
30.00, 30.00, 0.00, 9.102, 0.0000, 9.1020, 0.0000 
30.00, 30.00, 0.00, 9.102, 0.0000, 9.1020, 0.0000 
30.00, 30.00, 0.00, 9.102, 0.0000, 9.1020, 0.0000 
30.00, 30.00, 0.00, 9.102, 0.0000, 9.1020, 0.0000 
30.00, 30.00, 0.00, 9.102, 0.0000, 9.1020, 0.0000 
30.00, 30.00, 0.00, 9.102, 0.0000, 9.1020, 0.0000 
30.00, 30.00, 0.00, 9.102, 0.0000, 9.1020, 0.0000 
30.00, 30.00, 0.00, 9.102, 0.0000, 9.1020, 0.0000 
30.00, 30.00, 0.00, 9.102, 0.0000, 9.1020, 0.0000 
30.00, 30.00, 0.00, 9.102, 0.0000, 9.1020, 0.0000 
30.00, 30.00, 0.00, 9.102, 0.0000, 9.1020, 0.0000 
30.00, 30.00, 0.00, 9.102, 0.0000, 9.1020, 0.0000 
50.00, 30.00, 20.00, 59.334, 40.0000, 9.3240, 10.0100 
50.00, 30.00, 20.00, 49.546, 40.0000, 9.5460, 0.0000 
50.00, 30.00, 20.00, 49.768, 40.0000, 9.7680, 0.0000 
50.00, 30.00, 20.00, 49.990, 40.0000, 9.9900, 0.0000 
50.00, 30.00, 20.00, 50.212, 40.0000, 10.2120, 0.0000 
50.00, 30.00, 20.00, 50.434, 40.0000, 10.4340, 0.0000 
50.00, 30.00, 20.00, 50.656, 40.0000, 10.6560, 0.0000 
50.00, 30.00, 20.00, 50.878, 40.0000, 10.8780, 0.0000 
50.00, 30.50, 19.50, 49.844, 39.0000, 11.0944, -0.2503 
50.00, 30.50, 19.50, 50.311, 39.0000, 11.3109, 0.0000 
50.00, 30.50, 19.50, 50.527, 39.0000, 11.5273, 0.0000 
50.00, 30.50, 19.50, 50.744, 39.0000, 11.7438, 0.0000 
50.00, 30.50, 19.50, 50.960, 39.0000, 11.9602, 0.0000 
50.00, 31.00, 19.00, 49.921, 38.0000, 12.1711, -0.2503 
50.00, 31.00, 19.00, 50.382, 38.0000, 12.3820, 0.0000 
50.00, 31.00, 19.00, 50.593, 38.0000, 12.5929, 0.0000 
50.00, 31.00, 19.00, 50.804, 38.0000, 12.8038, 0.0000 
50.00, 31.50, 18.50, 49.759, 37.0000, 13.0092, -0.2503 
50.00, 31.50, 18.50, 50.215, 37.0000, 13.2145, 0.0000 
50.00, 31.50, 18.50, 50.420, 37.0000, 13.4199, 0.0000 
50.00, 31.50, 18.50, 50.625, 37.0000, 13.6252, 0.0000 
50.00, 31.50, 18.50, 50.831, 37.0000, 13.8306, 0.0000 
50.00, 32.00, 18.00, 49.780, 36.0000, 14.0304, -0.2503 
50.00, 32.00, 18.00, 50.230, 36.0000, 14.2302, 0.0000 
50.00, 32.00, 18.00, 50.430, 36.0000, 14.4300, 0.0000 
50.00, 32.00, 18.00, 50.630, 36.0000, 14.6298, 0.0000 
50.00, 32.00, 18.00, 50.830, 36.0000, 14.8296, 0.0000 
50.00, 32.00, 18.00, 51.029, 36.0000, 15.0294, 0.0000 
50.00, 32.50, 17.50, 49.973, 35.0000, 15.2236, -0.2503 
50.00, 32.50, 17.50, 50.418, 35.0000, 15.4179, 0.0000 
50.00, 32.50, 17.50, 50.612, 35.0000, 15.6121, 0.0000 
50.00, 32.50, 17.50, 50.806, 35.0000, 15.8064, 0.0000 
50.00, 32.50, 17.50, 51.001, 35.0000, 16.0006, 0.0000 
50.00, 33.00, 17.00, 49.939, 34.0000, 16.1893, -0.2503 
50.00, 33.00, 17.00, 50.378, 34.0000, 16.3780, 0.0000 
50.00, 33.00, 17.00, 50.567, 34.0000, 16.5667, 0.0000 
50.00, 33.00, 17.00, 50.755, 34.0000, 16.7554, 0.0000 
50.00, 33.00, 17.00, 50.944, 34.0000, 16.9441, 0.0000 
50.00, 33.50, 16.50, 49.877, 33.0000, 17.1273, -0.2503 
50.00, 33.50, 16.50, 50.310, 33.0000, 17.3104, 0.0000 
50.00, 33.50, 16.50, 50.494, 33.0000, 17.4936, 0.0000 
50.00, 33.50, 16.50, 50.677, 33.0000, 17.6767, 0.0000 
50.00, 33.50, 16.50, 50.860, 33.0000, 17.8599, 0.0000 
50.00, 33.50, 16.50, 51.043, 33.0000, 18.0430, 0.0000 
50.00, 34.00, 16.00, 49.970, 32.0000, 18.2206, -0.2503 
50.00, 34.00, 16.00, 50.398, 32.0000, 18.3982, 0.0000 
50.00, 34.00, 16.00, 50.576, 32.0000, 18.5758, 0.0000 
50.00, 34.00, 16.00, 50.753, 32.0000, 18.7534, 0.0000 
50.00, 34.00, 16.00, 50.931, 32.0000, 18.9310, 0.0000 
50.00, 34.00, 16.00, 51.109, 32.0000, 19.1086, 0.0000 
50.00, 34.50, 15.50, 50.030, 31.0000, 19.2807, -0.2503 
50.00, 34.50, 15.50, 50.453, 31.0000, 19.4527, 0.0000 
50.00, 34.50, 15.50, 50.625, 31.0000, 19.6248, 0.0000 
50.00, 34.50, 15.50, 50.797, 31.0000, 19.7968, 0.0000 
50.00, 34.50, 15.50, 50.969, 31.0000, 19.9689, 0.0000 
50.00, 35.00, 15.00, 49.885, 30.0000, 20.1354, -0.2503 
50.00, 35.00, 15.00, 50.302, 30.0000, 20.3019, 0.0000 
50.00, 35.00, 15.00, 50.468, 30.0000, 20.4684, 0.0000 
50.00, 35.00, 15.00, 50.635, 30.0000, 20.6349, 0.0000 
50.00, 35.00, 15.00, 50.801, 30.0000, 20.8014, 0.0000 
50.00, 35.00, 15.00, 50.968, 30.0000, 20.9679, 0.0000 
50.00, 35.00, 15.00, 51.134, 30.0000, 21.1344, 0.0000 
50.00, 35.50, 14.50, 50.045, 29.0000, 21.2953, -0.2503 
50.00, 35.50, 14.50, 50.456, 29.0000, 21.4563, 0.0000 
50.00, 35.50, 14.50, 50.617, 29.0000, 21.6172, 0.0000 
50.00, 35.50, 14.50, 50.778, 29.0000, 21.7782, 0.0000 
50.00, 35.50, 14.50, 50.939, 29.0000, 21.9391, 0.0000 
50.00, 35.50, 14.50, 51.100, 29.0000, 22.1001, 0.0000 
50.00, 35.50, 14.50, 51.261, 29.0000, 22.2610, 0.0000 
50.00, 36.00, 14.00, 50.166, 28.0000, 22.4164, -0.2503 
50.00, 36.00, 14.00, 50.572, 28.0000, 22.5718, 0.0000 
50.00, 36.00, 14.00, 50.727, 28.0000, 22.7272, 0.0000 
50.00, 36.00, 14.00, 50.883, 28.0000, 22.8826, 0.0000 
50.00, 36.00, 14.00, 51.038, 28.0000, 23.0380, 0.0000 
50.00, 36.00, 14.00, 51.193, 28.0000, 23.1934, 0.0000 
50.00, 36.50, 13.50, 50.093, 27.0000, 23.3433, -0.2503 
50.00, 36.50, 13.50, 50.493, 27.0000, 23.4931, 0.0000 
50.00, 36.50, 13.50, 50.643, 27.0000, 23.6430, 0.0000 
50.00, 36.50, 13.50, 50.793, 27.0000, 23.7928, 0.0000 
50.00, 36.50, 13.50, 50.943, 27.0000, 23.9427, 0.0000 
50.00, 36.50, 13.50, 51.093, 27.0000, 24.0925, 0.0000 
50.00, 36.50, 13.50, 51.242, 27.0000, 24.2424, 0.0000 
50.00, 36.50, 13.50, 51.392, 27.0000, 24.3922, 0.0000 
50.00, 37.00, 13.00, 50.286, 26.0000, 24.5365, -0.2503 
50.00, 37.00, 13.00, 50.681, 26.0000, 24.6808, 0.0000 
50.00, 37.00, 13.00, 50.825, 26.0000, 24.8251, 0.0000 
50.00, 37.00, 13.00, 50.969, 26.0000, 24.9694, 0.0000 
50.00, 37.00, 13.00, 51.114, 26.0000, 25.1137, 0.0000 
50.00, 37.00, 13.00, 51.258, 26.0000, 25.2580, 0.0000 
50.00, 37.00, 13.00, 51.402, 26.0000, 25.4023, 0.0000 
50.00, 37.00, 13.00, 51.547, 26.0000, 25.5466, 0.0000 
50.00, 37.50, 12.50, 50.435, 25.0000, 25.6854, -0.2503 
50.00, 37.50, 12.50, 50.824, 25.0000, 25.8241, 0.0000 
50.00, 37.50, 12.50, 50.963, 25.0000, 25.9629, 0.0000 
50.00, 37.50, 12.50, 51.102, 25.0000, 26.1016, 0.0000 
50.00, 37.50, 12.50, 51.240, 25.0000, 26.2404, 0.0000 
50.00, 37.50, 12.50, 51.379, 25.0000, 26.3791, 0.0000 
50.00, 37.50, 12.50, 51.518, 25.0000, 26.5179, 0.0000 
50.00, 37.50, 12.50, 51.657, 25.0000, 26.6566, 0.0000 
50.00, 37.50, 12.50, 51.795, 25.0000, 26.7954, 0.0000 
50.00, 38.00, 12.00, 50.678, 24.0000, 26.9286, -0.2503 
50.00, 38.00, 12.00, 51.062, 24.0000, 27.0618, 0.0000 
50.00, 38.00, 12.00, 51.195, 24.0000, 27.1950, 0.0000 
50.00, 38.00, 12.00, 51.328, 24.0000, 27.3281, 0.0000 
50.00, 38.00, 12.00, 51.461, 24.0000, 27.4613, 0.0000 
50.00, 38.00, 12.00, 51.595, 24.0000, 27.5945, 0.0000 
50.00, 38.00, 12.00, 51.728, 24.0000, 27.7277, 0.0000 
50.00, 38.00, 12.00, 51.861, 24.0000, 27.8609, 0.0000 
50.00, 38.50, 11.50, 50.738, 23.0000, 27.9886, -0.2503 
50.00, 38.50, 11.50, 51.116, 23.0000, 28.1162, 0.0000 
50.00, 38.50, 11.50, 51.244, 23.0000, 28.2439, 0.0000 
50.00, 38.50, 11.50, 51.372, 23.0000, 28.3715, 0.0000 
50.00, 38.50, 11.50, 51.499, 23.0000, 28.4992, 0.0000 
50.00, 38.50, 11.50, 51.627, 23.0000, 28.6269, 0.0000 
50.00, 38.50, 11.50, 51.755, 23.0000, 28.7545, 0.0000 
50.00, 38.50, 11.50, 51.882, 23.0000, 28.8822, 0.0000 
50.00, 38.50, 11.50, 52.010, 23.0000, 29.0098, 0.0000 
50.00, 38.50, 11.50, 52.137, 23.0000, 29.1375, 0.0000 
50.00, 39.00, 11.00, 51.009, 22.0000, 29.2596, -0.2503 
50.00, 39.00, 11.00, 51.382, 22.0000, 29.3817, 0.0000 
50.00, 39.00, 11.00, 51.504, 22.0000, 29.5038, 0.0000 
50.00, 39.00, 11.00, 51.626, 22.0000, 29.6259, 0.0000 
50.00, 39.00, 11.00, 51.748, 22.0000, 29.7480, 0.0000 
50.00, 39.00, 11.00, 51.870, 22.0000, 29.8701, 0.0000 
50.00, 39.00, 11.00, 51.992, 22.0000, 29.9922, 0.0000 
50.00, 39.00, 11.00, 52.114, 22.0000, 30.1143, 0.0000 
50.00, 39.50, 10.50, 50.981, 21.0000, 30.2308, -0.2503 
50.00, 39.50, 10.50, 51.347, 21.0000, 30.3474, 0.0000 
50.00, 39.50, 10.50, 51.464, 21.0000, 30.4639, 0.0000 
50.00, 39.50, 10.50, 51.580, 21.0000, 30.5805, 0.0000 
50.00, 39.50, 10.50, 51.697, 21.0000, 30.6970, 0.0000 
50.00, 39.50, 10.50, 51.814, 21.0000, 30.8136, 0.0000 
50.00, 39.50, 10.50, 51.930, 21.0000, 30.9301, 0.0000 
50.00, 39.50, 10.50, 52.047, 21.0000, 31.0467, 0.0000 
50.00, 39.50, 10.50, 52.163, 21.0000, 31.1632, 0.0000 
50.00, 39.50, 10.50, 52.280, 21.0000, 31.2798, 0.0000 
50.00, 39.50, 10.50, 52.396, 21.0000, 31.3963, 0.0000 
50.00, 39.50, 10.50, 52.513, 21.0000, 31.5129, 0.0000 
50.00, 40.00, 10.00, 51.374, 20.0000, 31.6239, -0.2503 
50.00, 40.00, 10.00, 51.735, 20.0000, 31.7349, 0.0000 
50.00, 40.00, 10.00, 51.846, 20.0000, 31.8459, 0.0000 
50.00, 40.00, 10.00, 51.957, 20.0000, 31.9569, 0.0000 
50.00, 40.00, 10.00, 52.068, 20.0000, 32.0679, 0.0000 
50.00, 40.00, 10.00, 52.179, 20.0000, 32.1789, 0.0000 
50.00, 40.00, 10.00, 52.290, 20.0000, 32.2899, 0.0000 
50.00, 40.00, 10.00, 52.401, 20.0000, 32.4009, 0.0000 
50.00, 40.00, 10.00, 52.512, 20.0000, 32.5119, 0.0000 
50.00, 40.00, 10.00, 52.623, 20.0000, 32.6229, 0.0000 
50.00, 40.50, 9.50, 51.478, 19.0000, 32.7283, -0.2503 
50.00, 40.50, 9.50, 51.834, 19.0000, 32.8338, 0.0000 
50.00, 40.50, 9.50, 51.939, 19.0000, 32.9392, 0.0000 
50.00, 40.50, 9.50, 52.045, 19.0000, 33.0447, 0.0000 
50.00, 40.50, 9.50, 52.150, 19.0000, 33.1501, 0.0000 
50.00, 40.50, 9.50, 52.256, 19.0000, 33.2556, 0.0000 
50.00, 40.50, 9.50, 52.361, 19.0000, 33.3610, 0.0000 
50.00, 40.50, 9.50, 52.466, 19.0000, 33.4665, 0.0000 
50.00, 40.50, 9.50, 52.572, 19.0000, 33.5719, 0.0000 
50.00, 40.50, 9.50, 52.677, 19.0000, 33.6774, 0.0000 
50.00, 40.50, 9.50, 52.783, 19.0000, 33.7828, 0.0000 
50.00, 40.50, 9.50, 52.888, 19.0000, 33.8883, 0.0000 
50.00, 40.50, 9.50, 52.994, 19.0000, 33.9937, 0.0000 
50.00, 41.00, 9.00, 51.843, 18.0000, 34.0936, -0.2503 
50.00, 41.00, 9.00, 52.194, 18.0000, 34.1935, 0.0000 
50.00, 41.00, 9.00, 52.293, 18.0000, 34.2934, 0.0000 
50.00, 41.00, 9.00, 52.393, 18.0000, 34.3933, 0.0000 
50.00, 41.00, 9.00, 52.493, 18.0000, 34.4932, 0.0000 
50.00, 41.00, 9.00, 52.593, 18.0000, 34.5931, 0.0000 
50.00, 41.00, 9.00, 52.693, 18.0000, 34.6930, 0.0000 
50.00, 41.00, 9.00, 52.793, 18.0000, 34.7929, 0.0000 
50.00, 41.00, 9.00, 52.893, 18.0000, 34.8928, 0.0000 
50.00, 41.00, 9.00, 52.993, 18.0000, 34.9927, 0.0000 
50.00, 41.00, 9.00, 53.093, 18.0000, 35.0926, 0.0000 
50.00, 41.00, 9.00, 53.193, 18.0000, 35.1925, 0.0000 
50.00, 41.00, 9.00, 53.292, 18.0000, 35.2924, 0.0000 
50.00, 41.50, 8.50, 52.137, 17.0000, 35.3868, -0.2503 
50.00, 41.50, 8.50, 52.481, 17.0000, 35.4811, 0.0000 
50.00, 41.50, 8.50, 52.575, 17.0000, 35.5755, 0.0000 
50.00, 41.50, 8.50, 52.670, 17.0000, 35.6698, 0.0000 
50.00, 41.50, 8.50, 52.764, 17.0000, 35.7642, 0.0000 
50.00, 41.50, 8.50, 52.859, 17.0000, 35.8585, 0.0000 
50.00, 41.50, 8.50, 52.953, 17.0000, 35.9529, 0.0000 
50.00, 41.50, 8.50, 53.047, 17.0000, 36.0472, 0.0000 
50.00, 41.50, 8.50, 53.142, 17.0000, 36.1415, 0.0000 
50.00, 41.50, 8.50, 53.236, 17.0000, 36.2359, 0.0000 
50.00, 41.50, 8.50, 53.330, 17.0000, 36.3302, 0.0000 
50.00, 41.50, 8.50, 53.425, 17.0000, 36.4246, 0.0000 
50.00, 41.50, 8.50, 53.519, 17.0000, 36.5189, 0.0000 
50.00, 41.50, 8.50, 53.613, 17.0000, 36.6133, 0.0000 
50.00, 42.00, 8.00, 52.452, 16.0000, 36.7021, -0.2503 
50.00, 42.00, 8.00, 52.791, 16.0000, 36.7909, 0.0000 
50.00, 42.00, 8.00, 52.880, 16.0000, 36.8797, 0.0000 
50.00, 42.00, 8.00, 52.968, 16.0000, 36.9685, 0.0000 
50.00, 42.00, 8.00, 53.057, 16.0000, 37.0573, 0.0000 
50.00, 42.00, 8.00, 53.146, 16.0000, 37.1461, 0.0000 
50.00, 42.00, 8.00, 53.235, 16.0000, 37.2349, 0.0000 
50.00, 42.00, 8.00, 53.324, 16.0000, 37.3237, 0.0000 
50.00, 42.00, 8.00, 53.412, 16.0000, 37.4125, 0.0000 
50.00, 42.00, 8.00, 53.501, 16.0000, 37.5013, 0.0000 
50.00, 42.00, 8.00, 53.590, 16.0000, 37.5901, 0.0000 
50.00, 42.00, 8.00, 53.679, 16.0000, 37.6789, 0.0000 
50.00, 42.00, 8.00, 53.768, 16.0000, 37.7677, 0.0000 
50.00, 42.00, 8.00, 53.856, 16.0000, 37.8565, 0.0000 
50.00, 42.00, 8.00, 53.945, 16.0000, 37.9453, 0.0000 
50.00, 42.50, 7.50, 52.778, 15.0000, 38.0285, -0.2503 
50.00, 42.50, 7.50, 53.112, 15.0000, 38.1118, 0.0000 
50.00, 42.50, 7.50, 53.195, 15.0000, 38.1950, 0.0000 
50.00, 42.50, 7.50, 53.278, 15.0000, 38.2783, 0.0000 
50.00, 42.50, 7.50, 53.362, 15.0000, 38.3615, 0.0000 
50.00, 42.50, 7.50, 53.445, 15.0000, 38.4448, 0.0000 
50.00, 42.50, 7.50, 53.528, 15.0000, 38.5280, 0.0000 
50.00, 42.50, 7.50, 53.611, 15.0000, 38.6113, 0.0000 
50.00, 42.50, 7.50, 53.695, 15.0000, 38.6945, 0.0000 
50.00, 42.50, 7.50, 53.778, 15.0000, 38.7778, 0.0000 
50.00, 42.50, 7.50, 53.861, 15.0000, 38.8610, 0.0000 
50.00, 42.50, 7.50, 53.944, 15.0000, 38.9443, 0.0000 
50.00, 42.50, 7.50, 54.028, 15.0000, 39.0275, 0.0000 
50.00, 42.50, 7.50, 54.111, 15.0000, 39.1108, 0.0000 
50.00, 42.50, 7.50, 54.194, 15.0000, 39.1940, 0.0000 
50.00, 42.50, 7.50, 54.277, 15.0000, 39.2773, 0.0000 
50.00, 42.50, 7.50, 54.361, 15.0000, 39.3605, 0.0000 
50.00, 42.50, 7.50, 54.444, 15.0000, 39.4438, 0.0000 
50.00, 43.00, 7.00, 53.271, 14.0000, 39.5215, -0.2503 
50.00, 43.00, 7.00, 53.599, 14.0000, 39.5992, 0.0000 
50.00, 43.00, 7.00, 53.677, 14.0000, 39.6769, 0.0000 
50.00, 43.00, 7.00, 53.755, 14.0000, 39.7546, 0.0000 
50.00, 43.00, 7.00, 53.832, 14.0000, 39.8323, 0.0000 
50.00, 43.00, 7.00, 53.910, 14.0000, 39.9100, 0.0000 
50.00, 43.00, 7.00, 53.988, 14.0000, 39.9877, 0.0000 
50.00, 43.00, 7.00, 54.065, 14.0000, 40.0654, 0.0000 
50.00, 43.00, 7.00, 54.143, 14.0000, 40.1431, 0.0000 
50.00, 43.00, 7.00, 54.221, 14.0000, 40.2208, 0.0000 
50.00, 43.00, 7.00, 54.299, 14.0000, 40.2985, 0.0000 
50.00, 43.00, 7.00, 54.376, 14.0000, 40.3762, 0.0000 
50.00, 43.00, 7.00, 54.454, 14.0000, 40.4539, 0.0000 
50.00, 43.00, 7.00, 54.532, 14.0000, 40.5316, 0.0000 
50.00, 43.50, 6.50, 53.354, 13.0000, 40.6038, -0.2503 
50.00, 43.50, 6.50, 53.676, 13.0000, 40.6759, 0.0000 
50.00, 43.50, 6.50, 53.748, 13.0000, 40.7481, 0.0000 
50.00, 43.50, 6.50, 53.820, 13.0000, 40.8202, 0.0000 
50.00, 43.50, 6.50, 53.892, 13.0000, 40.8924, 0.0000 
50.00, 43.50, 6.50, 53.965, 13.0000, 40.9645, 0.0000 
50.00, 43.50, 6.50, 54.037, 13.0000, 41.0367, 0.0000 
50.00, 43.50, 6.50, 54.109, 13.0000, 41.1088, 0.0000 
50.00, 43.50, 6.50, 54.181, 13.0000, 41.1810, 0.0000 
50.00, 43.50, 6.50, 54.253, 13.0000, 41.2531, 0.0000 
50.00, 43.50, 6.50, 54.325, 13.0000, 41.3253, 0.0000 
50.00, 43.50, 6.50, 54.397, 13.0000, 41.3974, 0.0000 
50.00, 43.50, 6.50, 54.470, 13.0000, 41.4696, 0.0000 
50.00, 43.50, 6.50, 54.542, 13.0000, 41.5417, 0.0000 
50.00, 43.50, 6.50, 54.614, 13.0000, 41.6139, 0.0000 
50.00, 43.50, 6.50, 54.686, 13.0000, 41.6860, 0.0000 
50.00, 43.50, 6.50, 54.758, 13.0000, 41.7582, 0.0000 
50.00, 43.50, 6.50, 54.830, 13.0000, 41.8303, 0.0000 
50.00, 44.00, 6.00, 53.647, 12.0000, 41.8969, -0.2503 
50.00, 44.00, 6.00, 53.964, 12.0000, 41.9636, 0.0000 
50.00, 44.00, 6.00, 54.030, 12.0000, 42.0302, 0.0000 
50.00, 44.00, 6.00, 54.097, 12.0000, 42.0968, 0.0000 
50.00, 44.00, 6.00, 54.163, 12.0000, 42.1634, 0.0000 
50.00, 44.00, 6.00, 54.230, 12.0000, 42.2300, 0.0000 
50.00, 44.00, 6.00, 54.297, 12.0000, 42.2966, 0.0000 
50.00, 44.00, 6.00, 54.363, 12.0000, 42.3632, 0.0000 
50.00, 44.00, 6.00, 54.430, 12.0000, 42.4298, 0.0000 
50.00, 44.00, 6.00, 54.496, 12.0000, 42.4964, 0.0000 
50.00, 44.00, 6.00, 54.563, 12.0000, 42.5630, 0.0000 
50.00, 44.00, 6.00, 54.630, 12.0000, 42.6296, 0.0000 
50.00, 44.00, 6.00, 54.696, 12.0000, 42.6962, 0.0000 
50.00, 44.00, 6.00, 54.763, 12.0000, 42.7628, 0.0000 
50.00, 44.00, 6.00, 54.829, 12.0000, 42.8294, 0.0000 
50.00, 44.00, 6.00, 54.896, 12.0000, 42.8960, 0.0000 
50.00, 44.00, 6.00, 54.963, 12.0000, 42.9626, 0.0000 
50.00, 44.00, 6.00, 55.029, 12.0000, 43.0292, 0.0000 
50.00, 44.50, 5.50, 53.840, 11.0000, 43.0902, -0.2503 
50.00, 44.50, 5.50, 54.151, 11.0000, 43.1513, 0.0000 
50.00, 44.50, 5.50, 54.212, 11.0000, 43.2123, 0.0000 
50.00, 44.50, 5.50, 54.273, 11.0000, 43.2734, 0.0000 
50.00, 44.50, 5.50, 54.334, 11.0000, 43.3344, 0.0000 
50.00, 44.50, 5.50, 54.395, 11.0000, 43.3955, 0.0000 
50.00, 44.50, 5.50, 54.457, 11.0000, 43.4565, 0.0000 
50.00, 44.50, 5.50, 54.518, 11.0000, 43.5176, 0.0000 
50.00, 44.50, 5.50, 54.579, 11.0000, 43.5786, 0.0000 
50.00, 44.50, 5.50, 54.640, 11.0000, 43.6397, 0.0000 
50.00, 44.50, 5.50, 54.701, 11.0000, 43.7007, 0.0000 
50.00, 44.50, 5.50, 54.762, 11.0000, 43.7618, 0.0000 
50.00, 44.50, 5.50, 54.823, 11.0000, 43.8228, 0.0000 
50.00, 44.50, 5.50, 54.884, 11.0000, 43.8839, 0.0000 
50.00, 44.50, 5.50, 54.945, 11.0000, 43.9450, 0.0000 
50.00, 44.50, 5.50, 55.006, 11.0000, 44.0060, 0.0000 
50.00, 44.50, 5.50, 55.067, 11.0000, 44.0671, 0.0000 
50.00, 44.50, 5.50, 55.128, 11.0000, 44.1281, 0.0000 
50.00, 44.50, 5.50, 55.189, 11.0000, 44.1892, 0.0000 
50.00, 44.50, 5.50, 55.250, 11.0000, 44.2502, 0.0000 
50.00, 44.50, 5.50, 55.311, 11.0000, 44.3113, 0.0000 
50.00, 45.00, 5.00, 54.117, 10.0000, 44.3668, -0.2503 
50.00, 45.00, 5.00, 54.422, 10.0000, 44.4223, 0.0000 
50.00, 45.00, 5.00, 54.478, 10.0000, 44.4778, 0.0000 
50.00, 45.00, 5.00, 54.533, 10.0000, 44.5333, 0.0000 
50.00, 45.00, 5.00, 54.589, 10.0000, 44.5888, 0.0000 
50.00, 45.00, 5.00, 54.644, 10.0000, 44.6443, 0.0000 
50.00, 45.00, 5.00, 54.700, 10.0000, 44.6998, 0.0000 
50.00, 45.00, 5.00, 54.755, 10.0000, 44.7553, 0.0000 
50.00, 45.00, 5.00, 54.811, 10.0000, 44.8108, 0.0000 
50.00, 45.00, 5.00, 54.866, 10.0000, 44.8663, 0.0000 
50.00, 45.00, 5.00, 54.922, 10.0000, 44.9218, 0.0000 
50.00, 45.00, 5.00, 54.977, 10.0000, 44.9773, 0.0000 
50.00, 45.00, 5.00, 55.033, 10.0000, 45.0328, 0.0000 
50.00, 45.00, 5.00, 55.088, 10.0000, 45.0883, 0.0000 
50.00, 45.00, 5.00, 55.144, 10.0000, 45.1438, 0.0000 
50.00, 45.00, 5.00, 55.199, 10.0000, 45.1993, 0.0000 
50.00, 45.00, 5.00, 55.255, 10.0000, 45.2548, 0.0000 
50.00, 45.00, 5.00, 55.310, 10.0000, 45.3103, 0.0000 
50.00, 45.00, 5.00, 55.366, 10.0000, 45.3658, 0.0000 
50.00, 45.00, 5.00, 55.421, 10.0000, 45.4213, 0.0000 
50.00, 45.00, 5.00, 55.477, 10.0000, 45.4768, 0.0000 
50.00, 45.00, 5.00, 55.532, 10.0000, 45.5323, 0.0000 
50.00, 45.00, 5.00, 55.588, 10.0000, 45.5878, 0.0000 
50.00, 45.50, 4.50, 54.387, 9.0000, 45.6377, -0.2503 
50.00, 45.50, 4.50, 54.688, 9.0000, 45.6877, 0.0000 
50.00, 45.50, 4.50, 54.738, 9.0000, 45.7376, 0.0000 
50.00, 45.50, 4.50, 54.788, 9.0000, 45.7876, 0.0000 
50.00, 45.50, 4.50, 54.838, 9.0000, 45.8375, 0.0000 
50.00, 45.50, 4.50, 54.887, 9.0000, 45.8875, 0.0000 
50.00, 45.50, 4.50, 54.937, 9.0000, 45.9374, 0.0000 
50.00, 45.50, 4.50, 54.987, 9.0000, 45.9874, 0.0000 
50.00, 45.50, 4.50, 55.037, 9.0000, 46.0373, 0.0000 
50.00, 45.50, 4.50, 55.087, 9.0000, 46.0873, 0.0000 
50.00, 45.50, 4.50, 55.137, 9.0000, 46.1372, 0.0000 
50.00, 45.50, 4.50, 55.187, 9.0000, 46.1872, 0.0000 
50.00, 45.50, 4.50, 55.237, 9.0000, 46.2372, 0.0000 
50.00, 45.50, 4.50, 55.287, 9.0000, 46.2871, 0.0000 
50.00, 45.50, 4.50, 55.337, 9.0000, 46.3371, 0.0000 
50.00, 45.50, 4.50, 55.387, 9.0000, 46.3870, 0.0000 
50.00, 45.50, 4.50, 55.437, 9.0000, 46.4370, 0.0000 
50.00, 45.50, 4.50, 55.487, 9.0000, 46.4869, 0.0000 
50.00, 45.50, 4.50, 55.537, 9.0000, 46.5369, 0.0000 
50.00, 45.50, 4.50, 55.587, 9.0000, 46.5868, 0.0000 
50.00, 45.50, 4.50, 55.637, 9.0000, 46.6368, 0.0000 
50.00, 45.50, 4.50, 55.687, 9.0000, 46.6867, 0.0000 
50.00, 45.50, 4.50, 55.737, 9.0000, 46.7367, 0.0000 
50.00, 46.00, 4.00, 54.531, 8.0000, 46.7811, -0.2503 
50.00, 45.50, 4.50, 56.081, 9.0000, 46.8310, 0.2503 
50.00, 46.00, 4.00, 54.625, 8.0000, 46.8754, -0.2503 
50.00, 46.00, 4.00, 54.920, 8.0000, 46.9198, 0.0000 
50.00, 46.00, 4.00, 54.964, 8.0000, 46.9642, 0.0000 
50.00, 46.00, 4.00, 55.009, 8.0000, 47.0086, 0.0000 
50.00, 46.00, 4.00, 55.053, 8.0000, 47.0530, 0.0000 
50.00, 46.00, 4.00, 55.097, 8.0000, 47.0974, 0.0000 
50.00, 46.00, 4.00, 55.142, 8.0000, 47.1418, 0.0000 
50.00, 46.00, 4.00, 55.186, 8.0000, 47.1862, 0.0000 
50.00, 46.00, 4.00, 55.231, 8.0000, 47.2306, 0.0000 
50.00, 46.00, 4.00, 55.275, 8.0000, 47.2750, 0.0000 
50.00, 46.00, 4.00, 55.319, 8.0000, 47.3194, 0.0000 
50.00, 46.00, 4.00, 55.364, 8.0000, 47.3638, 0.0000 
50.00, 46.00, 4.00, 55.408, 8.0000, 47.4082, 0.0000 
50.00, 46.00, 4.00, 55.453, 8.0000, 47.4526, 0.0000 
50.00, 46.00, 4.00, 55.497, 8.0000, 47.4970, 0.0000 
50.00, 46.00, 4.00, 55.541, 8.0000, 47.5414, 0.0000 
50.00, 46.00, 4.00, 55.586, 8.0000, 47.5858, 0.0000 
50.00, 46.00, 4.00, 55.630, 8.0000, 47.6302, 0.0000 
50.00, 46.00, 4.00, 55.675, 8.0000, 47.6746, 0.0000 
50.00, 46.00, 4.00, 55.719, 8.0000, 47.7190, 0.0000 
50.00, 46.00, 4.00, 55.763, 8.0000, 47.7634, 0.0000 
50.00, 46.00, 4.00, 55.808, 8.0000, 47.8078, 0.0000 
50.00, 46.00, 4.00, 55.852, 8.0000, 47.8522, 0.0000 
50.00, 46.00, 4.00, 55.897, 8.0000, 47.8966, 0.0000 
50.00, 46.00, 4.00, 55.941, 8.0000, 47.9410, 0.0000 
50.00, 46.00, 4.00, 55.985, 8.0000, 47.9854, 0.0000 
50.00, 46.00, 4.00, 56.030, 8.0000, 48.0298, 0.0000 
50.00, 46.50, 3.50, 54.818, 7.0000, 48.0687, -0.2503 
50.00, 46.00, 4.00, 56.363, 8.0000, 48.1131, 0.2503 
50.00, 46.50, 3.50, 54.902, 7.0000, 48.1519, -0.2503 
50.00, 46.50, 3.50, 55.191, 7.0000, 48.1908, 0.0000 
50.00, 46.50, 3.50, 55.230, 7.0000, 48.2296, 0.0000 
50.00, 46.50, 3.50, 55.269, 7.0000, 48.2685, 0.0000 
50.00, 46.50, 3.50, 55.307, 7.0000, 48.3074, 0.0000 
50.00, 46.50, 3.50, 55.346, 7.0000, 48.3462, 0.0000 
50.00, 46.50, 3.50, 55.385, 7.0000, 48.3851, 0.0000 
50.00, 46.50, 3.50, 55.424, 7.0000, 48.4239, 0.0000 
50.00, 46.50, 3.50, 55.463, 7.0000, 48.4628, 0.0000 
50.00, 46.50, 3.50, 55.502, 7.0000, 48.5016, 0.0000 
50.00, 46.50, 3.50, 55.540, 7.0000, 48.5405, 0.0000 
50.00, 46.50, 3.50, 55.579, 7.0000, 48.5793, 0.0000 
50.00, 46.50, 3.50, 55.618, 7.0000, 48.6182, 0.0000 
50.00, 46.50, 3.50, 55.657, 7.0000, 48.6570, 0.0000 
50.00, 46.50, 3.50, 55.696, 7.0000, 48.6959, 0.0000 
50.00, 46.50, 3.50, 55.735, 7.0000, 48.7347, 0.0000 
50.00, 46.50, 3.50, 55.774, 7.0000, 48.7736, 0.0000 
50.00, 46.50, 3.50, 55.812, 7.0000, 48.8124, 0.0000 
50.00, 46.50, 3.50, 55.851, 7.0000, 48.8513, 0.0000 
50.00, 46.50, 3.50, 55.890, 7.0000, 48.8901, 0.0000 
50.00, 46.50, 3.50, 55.929, 7.0000, 48.9290, 0.0000 
50.00, 46.50, 3.50, 55.968, 7.0000, 48.9678, 0.0000 
50.00, 46.50, 3.50, 56.007, 7.0000, 49.0067, 0.0000 
50.00, 46.50, 3.50, 56.046, 7.0000, 49.0455, 0.0000 
50.00, 46.50, 3.50, 56.084, 7.0000, 49.0844, 0.0000 
50.00, 46.50, 3.50, 56.123, 7.0000, 49.1232, 0.0000 
50.00, 46.50, 3.50, 56.162, 7.0000, 49.1621, 0.0000 
50.00, 46.50, 3.50, 56.201, 7.0000, 49.2009, 0.0000 
50.00, 46.50, 3.50, 56.240, 7.0000, 49.2398, 0.0000 
50.00, 46.50, 3.50, 56.279, 7.0000, 49.2786, 0.0000 
50.00, 47.00, 3.00, 55.062, 6.0000, 49.3119, -0.2503 
50.00, 47.00, 3.00, 55.345, 6.0000, 49.3452, 0.0000 
50.00, 47.00, 3.00, 55.379, 6.0000, 49.3785, 0.0000 
50.00, 47.00, 3.00, 55.412, 6.0000, 49.4118, 0.0000 
50.00, 47.00, 3.00, 55.445, 6.0000, 49.4451, 0.0000 
50.00, 47.00, 3.00, 55.478, 6.0000, 49.4784, 0.0000 
50.00, 47.00, 3.00, 55.512, 6.0000, 49.5117, 0.0000 
50.00, 47.00, 3.00, 55.545, 6.0000, 49.5450, 0.0000 
50.00, 47.00, 3.00, 55.578, 6.0000, 49.5783, 0.0000 
50.00, 47.00, 3.00, 55.612, 6.0000, 49.6116, 0.0000 
50.00, 47.00, 3.00, 55.645, 6.0000, 49.6449, 0.0000 
50.00, 47.00, 3.00, 55.678, 6.0000, 49.6782, 0.0000 
50.00, 47.00, 3.00, 55.712, 6.0000, 49.7115, 0.0000 
50.00, 47.00, 3.00, 55.745, 6.0000, 49.7448, 0.0000 
50.00, 47.00, 3.00, 55.778, 6.0000, 49.7781, 0.0000 
50.00, 47.00, 3.00, 55.811, 6.0000, 49.8114, 0.0000 
50.00, 47.00, 3.00, 55.845, 6.0000, 49.8447, 0.0000 
50.00, 47.00, 3.00, 55.878, 6.0000, 49.8780, 0.0000 
50.00, 47.00, 3.00, 55.911, 6.0000, 49.9113, 0.0000 
50.00, 47.00, 3.00, 55.945, 6.0000, 49.9446, 0.0000 
50.00, 47.00, 3.00, 55.978, 6.0000, 49.9779, 0.0000 
50.00, 47.00, 3.00, 56.011, 6.0000, 50.0112, 0.0000 
50.00, 47.00, 3.00, 56.045, 6.0000, 50.0445, 0.0000 
50.00, 47.00, 3.00, 56.078, 6.0000, 50.0778, 0.0000 
50.00, 47.00, 3.00, 56.111, 6.0000, 50.1111, 0.0000 
50.00, 47.00, 3.00, 56.144, 6.0000, 50.1444, 0.0000 
50.00, 47.00, 3.00, 56.178, 6.0000, 50.1777, 0.0000 
50.00, 47.00, 3.00, 56.211, 6.0000, 50.2110, 0.0000 
50.00, 47.00, 3.00, 56.244, 6.0000, 50.2443, 0.0000 
50.00, 47.00, 3.00, 56.278, 6.0000, 50.2776, 0.0000 
50.00, 47.50, 2.50, 55.055, 5.0000, 50.3054, -0.2503 
50.00, 47.50, 2.50, 55.333, 5.0000, 50.3331, 0.0000 
50.00, 47.50, 2.50, 55.361, 5.0000, 50.3609, 0.0000 
50.00, 47.50, 2.50, 55.389, 5.0000, 50.3886, 0.0000 
50.00, 47.50, 2.50, 55.416, 5.0000, 50.4164, 0.0000 
50.00, 47.50, 2.50, 55.444, 5.0000, 50.4442, 0.0000 
50.00, 47.50, 2.50, 55.472, 5.0000, 50.4719, 0.0000 
50.00, 47.50, 2.50, 55.500, 5.0000, 50.4997, 0.0000 
50.00, 47.50, 2.50, 55.527, 5.0000, 50.5274, 0.0000 
50.00, 47.50, 2.50, 55.555, 5.0000, 50.5552, 0.0000 
50.00, 47.50, 2.50, 55.583, 5.0000, 50.5829, 0.0000 
50.00, 47.50, 2.50, 55.611, 5.0000, 50.6107, 0.0000 
50.00, 47.50, 2.50, 55.638, 5.0000, 50.6384, 0.0000 
50.00, 47.50, 2.50, 55.666, 5.0000, 50.6662, 0.0000 
50.00, 47.50, 2.50, 55.694, 5.0000, 50.6939, 0.0000 
50.00, 47.50, 2.50, 55.722, 5.0000, 50.7217, 0.0000 
50.00, 47.50, 2.50, 55.749, 5.0000, 50.7494, 0.0000 
50.00, 47.50, 2.50, 55.777, 5.0000, 50.7772, 0.0000 
50.00, 47.50, 2.50, 55.805, 5.0000, 50.8049, 0.0000 
50.00, 47.50, 2.50, 55.833, 5.0000, 50.8327, 0.0000 
50.00, 47.50, 2.50, 55.860, 5.0000, 50.8604, 0.0000 
50.00, 47.50, 2.50, 55.888, 5.0000, 50.8882, 0.0000 
50.00, 47.50, 2.50, 55.916, 5.0000, 50.9159, 0.0000 
50.00, 47.50, 2.50, 55.944, 5.0000, 50.9437, 0.0000 
50.00, 47.50, 2.50, 55.971, 5.0000, 50.9714, 0.0000 
50.00, 47.50, 2.50, 55.999, 5.0000, 50.9992, 0.0000 
50.00, 47.50, 2.50, 56.027, 5.0000, 51.0269, 0.0000 
50.00, 47.50, 2.50, 56.055, 5.0000, 51.0547, 0.0000 
50.00, 47.50, 2.50, 56.082, 5.0000, 51.0824, 0.0000 
50.00, 47.50, 2.50, 56.110, 5.0000, 51.1102, 0.0000 
50.00, 47.50, 2.50, 56.138, 5.0000, 51.1379, 0.0000 
50.00, 47.50, 2.50, 56.166, 5.0000, 51.1657, 0.0000 
50.00, 47.50, 2.50, 56.193, 5.0000, 51.1934, 0.0000 
50.00, 47.50, 2.50, 56.221, 5.0000, 51.2212, 0.0000 
50.00, 47.50, 2.50, 56.249, 5.0000, 51.2489, 0.0000 
50.00, 47.50, 2.50, 56.277, 5.0000, 51.2767, 0.0000 
50.00, 47.50, 2.50, 56.304, 5.0000, 51.3044, 0.0000 
50.00, 47.50, 2.50, 56.332, 5.0000, 51.3322, 0.0000 
50.00, 47.50, 2.50, 56.360, 5.0000, 51.3599, 0.0000 
50.00, 47.50, 2.50, 56.388, 5.0000, 51.3877, 0.0000 
50.00, 48.00, 2.00, 55.160, 4.0000, 51.4099, -0.2503 
50.00, 47.50, 2.50, 56.688, 5.0000, 51.4376, 0.2503 
50.00, 47.50, 2.50, 56.465, 5.0000, 51.4654, 0.0000 
50.00, 48.00, 2.00, 55.237, 4.0000, 51.4876, -0.2503 
50.00, 48.00, 2.00, 55.510, 4.0000, 51.5098, 0.0000 
50.00, 48.00, 2.00, 55.532, 4.0000, 51.5320, 0.0000 
50.00, 48.00, 2.00, 55.554, 4.0000, 51.5542, 0.0000 
50.00, 48.00, 2.00, 55.576, 4.0000, 51.5764, 0.0000 
50.00, 48.00, 2.00, 55.599, 4.0000, 51.5986, 0.0000 
50.00, 48.00, 2.00, 55.621, 4.0000, 51.6208, 0.0000 
50.00, 48.00, 2.00, 55.643, 4.0000, 51.6430, 0.0000 
50.00, 48.00, 2.00, 55.665, 4.0000, 51.6652, 0.0000 
50.00, 48.00, 2.00, 55.687, 4.0000, 51.6874, 0.0000 
50.00, 48.00, 2.00, 55.710, 4.0000, 51.7096, 0.0000 
50.00, 48.00, 2.00, 55.732, 4.0000, 51.7318, 0.0000 
50.00, 48.00, 2.00, 55.754, 4.0000, 51.7540, 0.0000 
50.00, 48.00, 2.00, 55.776, 4.0000, 51.7762, 0.0000 
50.00, 48.00, 2.00, 55.798, 4.0000, 51.7984, 0.0000 
50.00, 48.00, 2.00, 55.821, 4.0000, 51.8206, 0.0000 
50.00, 48.00, 2.00, 55.843, 4.0000, 51.8428, 0.0000 
50.00, 48.00, 2.00, 55.865, 4.0000, 51.8650, 0.0000 
50.00, 48.00, 2.00, 55.887, 4.0000, 51.8872, 0.0000 
50.00, 48.00, 2.00, 55.909, 4.0000, 51.9094, 0.0000 
50.00, 48.00, 2.00, 55.932, 4.0000, 51.9316, 0.0000 
50.00, 48.00, 2.00, 55.954, 4.0000, 51.9538, 0.0000 
50.00, 48.00, 2.00, 55.976, 4.0000, 51.9760, 0.0000 
50.00, 48.00, 2.00, 55.998, 4.0000, 51.9982, 0.0000 
50.00, 48.00, 2.00, 56.020, 4.0000, 52.0204, 0.0000 
50.00, 48.00, 2.00, 56.043, 4.0000, 52.0426, 0.0000 
50.00, 48.00, 2.00, 56.065, 4.0000, 52.0648, 0.0000 
50.00, 48.00, 2.00, 56.087, 4.0000, 52.0870, 0.0000 
50.00, 48.00, 2.00, 56.109, 4.0000, 52.1092, 0.0000 
50.00, 48.00, 2.00, 56.131, 4.0000, 52.1314, 0.0000 
50.00, 48.00, 2.00, 56.154, 4.0000, 52.1536, 0.0000 
50.00, 48.00, 2.00, 56.176, 4.0000, 52.1758, 0.0000 
50.00, 48.00, 2.00, 56.198, 4.0000, 52.1980, 0.0000 
50.00, 48.00, 2.00, 56.220, 4.0000, 52.2202, 0.0000 
50.00, 48.00, 2.00, 56.242, 4.0000, 52.2424, 0.0000 
50.00, 48.00, 2.00, 56.265, 4.0000, 52.2646, 0.0000 
50.00, 48.00, 2.00, 56.287, 4.0000, 52.2868, 0.0000 
50.00, 48.00, 2.00, 56.309, 4.0000, 52.3090, 0.0000 
50.00, 48.00, 2.00, 56.331, 4.0000, 52.3312, 0.0000 
50.00, 48.00, 2.00, 56.353, 4.0000, 52.3534, 0.0000 
50.00, 48.00, 2.00, 56.376, 4.0000, 52.3756, 0.0000 
50.00, 48.00, 2.00, 56.398, 4.0000, 52.3978, 0.0000 
50.00, 48.00, 2.00, 56.420, 4.0000, 52.4200, 0.0000 
50.00, 48.00, 2.00, 56.442, 4.0000, 52.4422, 0.0000 
50.00, 48.50, 1.50, 55.209, 3.0000, 52.4588, -0.2503 
50.00, 48.00, 2.00, 56.731, 4.0000, 52.4810, 0.2503 
50.00, 48.50, 1.50, 55.247, 3.0000, 52.4977, -0.2503 
50.00, 48.50, 1.50, 55.514, 3.0000, 52.5144, 0.0000 
50.00, 48.50, 1.50, 55.531, 3.0000, 52.5310, 0.0000 
50.00, 48.50, 1.50, 55.548, 3.0000, 52.5476, 0.0000 
50.00, 48.50, 1.50, 55.564, 3.0000, 52.5643, 0.0000 
50.00, 48.50, 1.50, 55.581, 3.0000, 52.5810, 0.0000 
50.00, 48.50, 1.50, 55.598, 3.0000, 52.5976, 0.0000 
50.00, 48.50, 1.50, 55.614, 3.0000, 52.6143, 0.0000 
50.00, 48.50, 1.50, 55.631, 3.0000, 52.6309, 0.0000 
50.00, 48.50, 1.50, 55.648, 3.0000, 52.6476, 0.0000 
50.00, 48.50, 1.50, 55.664, 3.0000, 52.6642, 0.0000 
50.00, 48.50, 1.50, 55.681, 3.0000, 52.6809, 0.0000 
50.00, 48.50, 1.50, 55.698, 3.0000, 52.6975, 0.0000 
50.00, 48.50, 1.50, 55.714, 3.0000, 52.7142, 0.0000 
50.00, 48.50, 1.50, 55.731, 3.0000, 52.7308, 0.0000 
50.00, 48.50, 1.50, 55.747, 3.0000, 52.7475, 0.0000 
50.00, 48.50, 1.50, 55.764, 3.0000, 52.7641, 0.0000 
50.00, 48.50, 1.50, 55.781, 3.0000, 52.7808, 0.0000 
50.00, 48.50, 1.50, 55.797, 3.0000, 52.7974, 0.0000 
50.00, 48.50, 1.50, 55.814, 3.0000, 52.8141, 0.0000 
50.00, 48.50, 1.50, 55.831, 3.0000, 52.8307, 0.0000 
50.00, 48.50, 1.50, 55.847, 3.0000, 52.8474, 0.0000 
50.00, 48.50, 1.50, 55.864, 3.0000, 52.8640, 0.0000 
50.00, 48.50, 1.50, 55.881, 3.0000, 52.8807, 0.0000 
50.00, 48.50, 1.50, 55.897, 3.0000, 52.8973, 0.0000 
50.00, 48.50, 1.50, 55.914, 3.0000, 52.9140, 0.0000 
50.00, 48.50, 1.50, 55.931, 3.0000, 52.9306, 0.0000 
50.00, 48.50, 1.50, 55.947, 3.0000, 52.9473, 0.0000 
50.00, 48.50, 1.50, 55.964, 3.0000, 52.9639, 0.0000 
50.00, 48.50, 1.50, 55.981, 3.0000, 52.9806, 0.0000 
50.00, 48.50, 1.50, 55.997, 3.0000, 52.9972, 0.0000 
50.00, 48.50, 1.50, 56.014, 3.0000, 53.0139, 0.0000 
50.00, 48.50, 1.50, 56.031, 3.0000, 53.0305, 0.0000 
50.00, 48.50, 1.50, 56.047, 3.0000, 53.0472, 0.0000 
50.00, 48.50, 1.50, 56.064, 3.0000, 53.0638, 0.0000 
50.00, 48.50, 1.50, 56.080, 3.0000, 53.0805, 0.0000 
50.00, 48.50, 1.50, 56.097, 3.0000, 53.0971, 0.0000 
50.00, 48.50, 1.50, 56.114, 3.0000, 53.1138, 0.0000 
50.00, 48.50, 1.50, 56.130, 3.0000, 53.1304, 0.0000 
50.00, 48.50, 1.50, 56.147, 3.0000, 53.1471, 0.0000 
50.00, 48.50, 1.50, 56.164, 3.0000, 53.1637, 0.0000 
50.00, 48.50, 1.50, 56.180, 3.0000, 53.1804, 0.0000 
50.00, 48.50, 1.50, 56.197, 3.0000, 53.1970, 0.0000 
50.00, 48.50, 1.50, 56.214, 3.0000, 53.2137, 0.0000 
50.00, 48.50, 1.50, 56.230, 3.0000, 53.2303, 0.0000 
50.00, 48.50, 1.50, 56.247, 3.0000, 53.2470, 0.0000 
50.00, 48.50, 1.50, 56.264, 3.0000, 53.2636, 0.0000 
50.00, 48.50, 1.50, 56.280, 3.0000, 53.2803, 0.0000 
50.00, 48.50, 1.50, 56.297, 3.0000, 53.2969, 0.0000 
50.00, 48.50, 1.50, 56.314, 3.0000, 53.3136, 0.0000 
50.00, 48.50, 1.50, 56.330, 3.0000, 53.3302, 0.0000 
50.00, 48.50, 1.50, 56.347, 3.0000, 53.3469, 0.0000 
50.00, 48.50, 1.50, 56.364, 3.0000, 53.3635, 0.0000 
50.00, 48.50, 1.50, 56.380, 3.0000, 53.3802, 0.0000 
50.00, 48.50, 1.50, 56.397, 3.0000, 53.3968, 0.0000 
50.00, 48.50, 1.50, 56.413, 3.0000, 53.4135, 0.0000 
50.00, 48.50, 1.50, 56.430, 3.0000, 53.4301, 0.0000 
50.00, 48.50, 1.50, 56.447, 3.0000, 53.4468, 0.0000 
50.00, 48.50, 1.50, 56.463, 3.0000, 53.4634, 0.0000 
50.00, 48.50, 1.50, 56.480, 3.0000, 53.4801, 0.0000 
50.00, 49.00, 1.00, 55.241, 2.0000, 53.4912, -0.2503 
50.00, 49.00, 1.00, 55.502, 2.0000, 53.5023, 0.0000 
50.00, 49.00, 1.00, 55.513, 2.0000, 53.5134, 0.0000 
50.00, 49.00, 1.00, 55.524, 2.0000, 53.5245, 0.0000 
50.00, 49.00, 1.00, 55.536, 2.0000, 53.5356, 0.0000 
50.00, 49.00, 1.00, 55.547, 2.0000, 53.5467, 0.0000 
50.00, 49.00, 1.00, 55.558, 2.0000, 53.5578, 0.0000 
50.00, 49.00, 1.00, 55.569, 2.0000, 53.5689, 0.0000 
50.00, 49.00, 1.00, 55.580, 2.0000, 53.5800, 0.0000 
50.00, 49.00, 1.00, 55.591, 2.0000, 53.5911, 0.0000 
50.00, 49.00, 1.00, 55.602, 2.0000, 53.6022, 0.0000 
50.00, 49.00, 1.00, 55.613, 2.0000, 53.6133, 0.0000 
50.00, 49.00, 1.00, 55.624, 2.0000, 53.6244, 0.0000 
50.00, 49.00, 1.00, 55.635, 2.0000, 53.6355, 0.0000 
50.00, 49.00, 1.00, 55.647, 2.0000, 53.6466, 0.0000 
50.00, 49.00, 1.00, 55.658, 2.0000, 53.6577, 0.0000 
50.00, 49.00, 1.00, 55.669, 2.0000, 53.6688, 0.0000 
50.00, 49.00, 1.00, 55.680, 2.0000, 53.6799, 0.0000 
50.00, 49.00, 1.00, 55.691, 2.0000, 53.6910, 0.0000 
50.00, 49.00, 1.00, 55.702, 2.0000, 53.7021, 0.0000 
50.00, 49.00, 1.00, 55.713, 2.0000, 53.7132, 0.0000 
50.00, 49.00, 1.00, 55.724, 2.0000, 53.7243, 0.0000 
50.00, 49.00, 1.00, 55.735, 2.0000, 53.7354, 0.0000 
50.00, 49.00, 1.00, 55.746, 2.0000, 53.7465, 0.0000 
50.00, 49.00, 1.00, 55.758, 2.0000, 53.7576, 0.0000 
50.00, 49.00, 1.00, 55.769, 2.0000, 53.7687, 0.0000 
50.00, 49.00, 1.00, 55.780, 2.0000, 53.7798, 0.0000 
50.00, 49.00, 1.00, 55.791, 2.0000, 53.7909, 0.0000 
50.00, 49.00, 1.00, 55.802, 2.0000, 53.8020, 0.0000 
50.00, 49.00, 1.00, 55.813, 2.0000, 53.8131, 0.0000 
50.00, 49.00, 1.00, 55.824, 2.0000, 53.8242, 0.0000 
50.00, 49.00, 1.00, 55.835, 2.0000, 53.8353, 0.0000 
50.00, 49.00, 1.00, 55.846, 2.0000, 53.8464, 0.0000 
50.00, 49.00, 1.00, 55.857, 2.0000, 53.8575, 0.0000 
50.00, 49.00, 1.00, 55.869, 2.0000, 53.8686, 0.0000 
50.00, 49.00, 1.00, 55.880, 2.0000, 53.8797, 0.0000 
50.00, 49.00, 1.00, 55.891, 2.0000, 53.8908, 0.0000 
50.00, 49.00, 1.00, 55.902, 2.0000, 53.9019, 0.0000 
50.00, 49.00, 1.00, 55.913, 2.0000, 53.9130, 0.0000 
50.00, 49.00, 1.00, 55.924, 2.0000, 53.9241, 0.0000 
50.00, 49.00, 1.00, 55.935, 2.0000, 53.9352, 0.0000 
50.00, 49.00, 1.00, 55.946, 2.0000, 53.9463, 0.0000 
50.00, 49.00, 1.00, 55.957, 2.0000, 53.9574, 0.0000 
50.00, 49.00, 1.00, 55.968, 2.0000, 53.9685, 0.0000 
50.00, 49.00, 1.00, 55.980, 2.0000, 53.9796, 0.0000 
50.00, 49.00, 1.00, 55.991, 2.0000, 53.9907, 0.0000 
50.00, 49.00, 1.00, 56.002, 2.0000, 54.0018, 0.0000 
50.00, 49.00, 1.00, 56.013, 2.0000, 54.0129, 0.0000 
50.00, 49.00, 1.00, 56.024, 2.0000, 54.0240, 0.0000 
50.00, 49.00, 1.00, 56.035, 2.0000, 54.0351, 0.0000 
50.00, 49.00, 1.00, 56.046, 2.0000, 54.0462, 0.0000 
50.00, 49.00, 1.00, 56.057, 2.0000, 54.0573, 0.0000 
50.00, 49.00, 1.00, 56.068, 2.0000, 54.0684, 0.0000 
50.00, 49.00, 1.00, 56.079, 2.0000, 54.0795, 0.0000 
50.00, 49.00, 1.00, 56.091, 2.0000, 54.0906, 0.0000 
50.00, 49.00, 1.00, 56.102, 2.0000, 54.1017, 0.0000 
50.00, 49.00, 1.00, 56.113, 2.0000, 54.1128, 0.0000 
50.00, 49.00, 1.00, 56.124, 2.0000, 54.1239, 0.0000 
50.00, 49.50, 0.50, 54.879, 1.0000, 54.1294, -0.2503 
50.00, 49.00, 1.00, 56.391, 2.0000, 54.1405, 0.2503 
50.00, 49.00, 1.00, 56.152, 2.0000, 54.1516, 0.0000 
50.00, 49.00, 1.00, 56.163, 2.0000, 54.1627, 0.0000 
50.00, 49.00, 1.00, 56.174, 2.0000, 54.1738, 0.0000 
50.00, 49.50, 0.50, 54.929, 1.0000, 54.1794, -0.2503 
50.00, 49.50, 0.50, 55.185, 1.0000, 54.1849, 0.0000 
50.00, 49.50, 0.50, 55.190, 1.0000, 54.1905, 0.0000 
50.00, 49.50, 0.50, 55.196, 1.0000, 54.1960, 0.0000 
50.00, 49.50, 0.50, 55.202, 1.0000, 54.2016, 0.0000 
50.00, 49.50, 0.50, 55.207, 1.0000, 54.2071, 0.0000 
50.00, 49.50, 0.50, 55.213, 1.0000, 54.2127, 0.0000 
50.00, 49.50, 0.50, 55.218, 1.0000, 54.2182, 0.0000 
50.00, 49.50, 0.50, 55.224, 1.0000, 54.2238, 0.0000 
50.00, 49.50, 0.50, 55.229, 1.0000, 54.2293, 0.0000 
50.00, 49.50, 0.50, 55.235, 1.0000, 54.2349, 0.0000 
50.00, 49.50, 0.50, 55.240, 1.0000, 54.2404, 0.0000 
50.00, 49.50, 0.50, 55.246, 1.0000, 54.2460, 0.0000 
50.00, 49.50, 0.50, 55.252, 1.0000, 54.2515, 0.0000 
50.00, 49.50, 0.50, 55.257, 1.0000, 54.2571, 0.0000 
50.00, 49.50, 0.50, 55.263, 1.0000, 54.2626, 0.0000 
50.00, 49.50, 0.50, 55.268, 1.0000, 54.2682, 0.0000 
50.00, 49.50, 0.50, 55.274, 1.0000, 54.2737, 0.0000 
50.00, 49.50, 0.50, 55.279, 1.0000, 54.2793, 0.0000 
50.00, 49.50, 0.50, 55.285, 1.0000, 54.2848, 0.0000 
50.00, 49.50, 0.50, 55.290, 1.0000, 54.2904, 0.0000 
50.00, 49.50, 0.50, 55.296, 1.0000, 54.2959, 0.0000 
50.00, 49.50, 0.50, 55.301, 1.0000, 54.3015, 0.0000 
50.00, 49.50, 0.50, 55.307, 1.0000, 54.3070, 0.0000 
50.00, 49.50, 0.50, 55.313, 1.0000, 54.3126, 0.0000 
50.00, 49.50, 0.50, 55.318, 1.0000, 54.3181, 0.0000 
50.00, 49.50, 0.50, 55.324, 1.0000, 54.3237, 0.0000 
50.00, 49.50, 0.50, 55.329, 1.0000, 54.3292, 0.0000 
50.00, 49.50, 0.50, 55.335, 1.0000, 54.3348, 0.0000 
50.00, 49.50, 0.50, 55.340, 1.0000, 54.3403, 0.0000 
50.00, 49.50, 0.50, 55.346, 1.0000, 54.3459, 0.0000 
50.00, 49.50, 0.50, 55.351, 1.0000, 54.3514, 0.0000 
50.00, 49.50, 0.50, 55.357, 1.0000, 54.3570, 0.0000 
50.00, 49.50, 0.50, 55.363, 1.0000, 54.3625, 0.0000 
50.00, 49.50, 0.50, 55.368, 1.0000, 54.3681, 0.0000 
50.00, 49.50, 0.50, 55.374, 1.0000, 54.3736, 0.0000 
50.00, 49.50, 0.50, 55.379, 1.0000, 54.3792, 0.0000 
50.00, 49.50, 0.50, 55.385, 1.0000, 54.3847, 0.0000 
50.00, 49.50, 0.50, 55.390, 1.0000, 54.3903, 0.0000 
50.00, 49.50, 0.50, 55.396, 1.0000, 54.3958, 0.0000 
50.00, 49.50, 0.50, 55.401, 1.0000, 54.4014, 0.0000 
50.00, 49.50, 0.50, 55.407, 1.0000, 54.4069, 0.0000 
50.00, 49.50, 0.50, 55.412, 1.0000, 54.4125, 0.0000 
50.00, 49.50, 0.50, 55.418, 1.0000, 54.4180, 0.0000 
50.00, 49.50, 0.50, 55.424, 1.0000, 54.4236, 0.0000 
50.00, 49.50, 0.50, 55.429, 1.0000, 54.4291, 0.0000 
50.00, 49.50, 0.50, 55.435, 1.0000, 54.4347, 0.0000 
50.00, 49.50, 0.50, 55.440, 1.0000, 54.4402, 0.0000 
50.00, 49.00, 1.00, 56.702, 2.0000, 54.4513, 0.2503 
50.00, 49.50, 0.50, 55.207, 1.0000, 54.4569, -0.2503 
50.00, 49.00, 1.00, 56.718, 2.0000, 54.4680, 0.2503 
50.00, 49.00, 1.00, 56.479, 2.0000, 54.4791, 0.0000 
50.00, 49.50, 0.50, 55.234, 1.0000, 54.4846, -0.2503 
50.00, 49.00, 1.00, 56.746, 2.0000, 54.4957, 0.2503 
50.00, 49.50, 0.50, 55.251, 1.0000, 54.5013, -0.2503 
50.00, 49.50, 0.50, 55.507, 1.0000, 54.5068, 0.0000 
50.00, 49.50, 0.50, 55.512, 1.0000, 54.5124, 0.0000 
50.00, 49.50, 0.50, 55.518, 1.0000, 54.5179, 0.0000 
50.00, 49.50, 0.50, 55.523, 1.0000, 54.5235, 0.0000 
50.00, 49.50, 0.50, 55.529, 1.0000, 54.5290, 0.0000 
50.00, 49.50, 0.50, 55.535, 1.0000, 54.5346, 0.0000 
50.00, 49.50, 0.50, 55.540, 1.0000, 54.5401, 0.0000 
50.00, 49.50, 0.50, 55.546, 1.0000, 54.5457, 0.0000 
50.00, 49.50, 0.50, 55.551, 1.0000, 54.5512, 0.0000 
50.00, 49.50, 0.50, 55.557, 1.0000, 54.5568, 0.0000 
50.00, 49.50, 0.50, 55.562, 1.0000, 54.5623, 0.0000 
50.00, 49.50, 0.50, 55.568, 1.0000, 54.5679, 0.0000 
50.00, 49.50, 0.50, 55.573, 1.0000, 54.5734, 0.0000 
50.00, 49.50, 0.50, 55.579, 1.0000, 54.5790, 0.0000 
50.00, 49.50, 0.50, 55.585, 1.0000, 54.5845, 0.0000 
50.00, 49.50, 0.50, 55.590, 1.0000, 54.5901, 0.0000 
50.00, 49.50, 0.50, 55.596, 1.0000, 54.5956, 0.0000 
50.00, 49.50, 0.50, 55.601, 1.0000, 54.6012, 0.0000 
50.00, 49.50, 0.50, 55.607, 1.0000, 54.6068, 0.0000 
50.00, 49.50, 0.50, 55.612, 1.0000, 54.6123, 0.0000 
50.00, 49.50, 0.50, 55.618, 1.0000, 54.6179, 0.0000 
50.00, 49.50, 0.50, 55.623, 1.0000, 54.6234, 0.0000 
50.00, 49.50, 0.50, 55.629, 1.0000, 54.6289, 0.0000 
50.00, 49.50, 0.50, 55.634, 1.0000, 54.6345, 0.0000 
50.00, 49.50, 0.50, 55.640, 1.0000, 54.6400, 0.0000 
50.00, 49.50, 0.50, 55.646, 1.0000, 54.6456, 0.0000 
50.00, 49.50, 0.50, 55.651, 1.0000, 54.6511, 0.0000 
50.00, 49.50, 0.50, 55.657, 1.0000, 54.6567, 0.0000 
50.00, 49.50, 0.50, 55.662, 1.0000, 54.6623, 0.0000 
50.00, 49.50, 0.50, 55.668, 1.0000, 54.6678, 0.0000 
50.00, 49.50, 0.50, 55.673, 1.0000, 54.6734, 0.0000 
50.00, 49.50, 0.50, 55.679, 1.0000, 54.6789, 0.0000 
50.00, 49.50, 0.50, 55.684, 1.0000, 54.6845, 0.0000 
50.00, 49.50, 0.50, 55.690, 1.0000, 54.6900, 0.0000 
50.00, 49.50, 0.50, 55.696, 1.0000, 54.6956, 0.0000 
50.00, 49.50, 0.50, 55.701, 1.0000, 54.7011, 0.0000 
50.00, 49.50, 0.50, 55.707, 1.0000, 54.7066, 0.0000 
50.00, 49.50, 0.50, 55.712, 1.0000, 54.7122, 0.0000 
50.00, 49.50, 0.50, 55.718, 1.0000, 54.7178, 0.0000 
50.00, 49.50, 0.50, 55.723, 1.0000, 54.7233, 0.0000 
50.00, 49.50, 0.50, 55.729, 1.0000, 54.7289, 0.0000 
50.00, 49.50, 0.50, 55.734, 1.0000, 54.7344, 0.0000 
50.00, 49.50, 0.50, 55.740, 1.0000, 54.7400, 0.0000 
50.00, 49.50, 0.50, 55.746, 1.0000, 54.7455, 0.0000 
50.00, 49.50, 0.50, 55.751, 1.0000, 54.7511, 0.0000 
50.00, 49.50, 0.50, 55.757, 1.0000, 54.7566, 0.0000 
50.00, 49.50, 0.50, 55.762, 1.0000, 54.7622, 0.0000 
50.00, 49.50, 0.50, 55.768, 1.0000, 54.7677, 0.0000 
50.00, 49.50, 0.50, 55.773, 1.0000, 54.7733, 0.0000 
50.00, 49.50, 0.50, 55.779, 1.0000, 54.7788, 0.0000 
50.00, 49.50, 0.50, 55.784, 1.0000, 54.7844, 0.0000 
50.00, 49.50, 0.50, 55.790, 1.0000, 54.7899, 0.0000 
50.00, 49.50, 0.50, 55.795, 1.0000, 54.7955, 0.0000 
50.00, 49.50, 0.50, 55.801, 1.0000, 54.8010, 0.0000 
50.00, 49.50, 0.50, 55.807, 1.0000, 54.8066, 0.0000 
50.00, 49.50, 0.50, 55.812, 1.0000, 54.8121, 0.0000 
50.00, 49.50, 0.50, 55.818, 1.0000, 54.8177, 0.0000 
50.00, 49.50, 0.50, 55.823, 1.0000, 54.8232, 0.0000 
50.00, 49.50, 0.50, 55.829, 1.0000, 54.8288, 0.0000 
50.00, 49.50, 0.50, 55.834, 1.0000, 54.8343, 0.0000 
50.00, 49.50, 0.50, 55.840, 1.0000, 54.8399, 0.0000 
50.00, 49.50, 0.50, 55.845, 1.0000, 54.8454, 0.0000 
50.00, 49.50, 0.50, 55.851, 1.0000, 54.8510, 0.0000 
50.00, 49.50, 0.50, 55.857, 1.0000, 54.8565, 0.0000 
50.00, 49.50, 0.50, 55.862, 1.0000, 54.8621, 0.0000 
50.00, 49.50, 0.50, 55.868, 1.0000, 54.8676, 0.0000 
50.00, 49.50, 0.50, 55.873, 1.0000, 54.8732, 0.0000 
50.00, 49.50, 0.50, 55.879, 1.0000, 54.8787, 0.0000 
50.00, 49.50, 0.50, 55.884, 1.0000, 54.8843, 0.0000 
50.00, 49.50, 0.50, 55.890, 1.0000, 54.8898, 0.0000 
50.00, 49.50, 0.50, 55.895, 1.0000, 54.8954, 0.0000 
50.00, 49.50, 0.50, 55.901, 1.0000, 54.9009, 0.0000 
50.00, 49.50, 0.50, 55.906, 1.0000, 54.9065, 0.0000 
50.00, 49.50, 0.50, 55.912, 1.0000, 54.9120, 0.0000 
50.00, 49.50, 0.50, 55.918, 1.0000, 54.9176, 0.0000 
50.00, 49.50, 0.50, 55.923, 1.0000, 54.9231, 0.0000 
50.00, 49.50, 0.50, 55.929, 1.0000, 54.9287, 0.0000 
50.00, 49.50, 0.50, 55.934, 1.0000, 54.9342, 0.0000 
50.00, 49.50, 0.50, 55.940, 1.0000, 54.9398, 0.0000 
50.00, 49.50, 0.50, 55.945, 1.0000, 54.9453, 0.0000 
50.00, 49.50, 0.50, 55.951, 1.0000, 54.9509, 0.0000 
50.00, 49.50, 0.50, 55.956, 1.0000, 54.9564, 0.0000 
50.00, 49.50, 0.50, 55.962, 1.0000, 54.9620, 0.0000 
50.00, 49.50, 0.50, 55.968, 1.0000, 54.9675, 0.0000 
50.00, 50.00, 0.00, 54.717, 0.0000, 54.9675, -0.2503 
50.00, 49.50, 0.50, 56.223, 1.0000, 54.9731, 0.2503 
50.00, 50.00, 0.00, 54.723, 0.0000, 54.9731, -0.2503 
50.00, 50.00, 0.00, 54.973, 0.0000, 54.9731, 0.0000 
50.00, 50.00, 0.00, 54.973, 0.0000, 54.9731, 0.0000 
50.00, 50.00, 0.00, 54.973, 0.0000, 54.9731, 0.0000 
50.00, 50.00, 0.00, 54.973, 0.0000, 54.9731, 0.0000 
50.00, 50.00, 0.00, 54.973, 0.0000, 54.9731, 0.0000 
50.00, 50.00, 0.00, 54.973, 0.0000, 54.9731, 0.0000 
50.00, 50.00, 0.00, 54.973, 0.0000, 54.9731, 0.0000 
50.00, 50.00, 0.00, 54.973, 0.0000, 54.9731, 0.0000 
50.00, 50.00, 0.00, 54.973, 0.0000, 54.9731, 0.0000 
50.00, 50.00, 0.00, 54.973, 0.0000, 54.9731, 0.0000 
50.00, 50.00, 0.00, 54.973, 0.0000, 54.9731, 0.0000 
50.00, 50.00, 0.00, 54.973, 0.0000, 54.9731, 0.0000 
50.00, 50.00, 0.00, 54.973, 0.0000, 54.9731, 0.0000 
50.00, 50.00, 0.00, 54.973, 0.0000, 54.9731, 0.0000 
50.00, 50.00, 0.00, 54.973, 0.0000, 54.9731, 0.0000 
50.00, 50.00, 0.00, 54.973, 0.0000, 54.9731, 0.0000 
50.00, 50.00, 0.00, 54.973, 0.0000, 54.9731, 0.0000 
50.00, 50.00, 0.00, 54.973, 0.0000, 54.9731, 0.0000 
50.00, 50.00, 0.00, 54.973, 0.0000, 54.9731, 0.0000 
50.00, 50.00, 0.00, 54.973, 0.0000, 54.9731, 0.0000 
50.00, 50.00, 0.00, 54.973, 0.0000, 54.9731, 0.0000 
50.00, 50.00, 0.00, 54.973, 0.0000, 54.9731, 0.0000 
50.00, 50.00, 0.00, 54.973, 0.0000, 54.9731, 0.0000 
50.00, 50.00, 0.00, 54.973, 0.0000, 54.9731, 0.0000 
50.00, 50.00, 0.00, 54.973, 0.0000, 54.9731, 0.0000 
50.00, 50.00, 0.00, 54.973, 0.0000, 54.9731, 0.0000 
50.00, 50.00, 0.00, 54.973, 0.0000, 54.9731, 0.0000 
50.00, 50.00, 0.00, 54.973, 0.0000, 54.9731, 0.0000 
50.00, 50.00, 0.00, 54.973, 0.0000, 54.9731, 0.0000 
50.00, 50.00, 0.00, 54.973, 0.0000, 54.9731, 0.0000 
50.00, 50.00, 0.00, 54.973, 0.0000, 54.9731, 0.0000 
50.00, 50.00, 0.00, 54.973, 0.0000, 54.9731, 0.0000 
50.00, 50.00, 0.00, 54.973, 0.0000, 54.9731, 0.0000 
50.00, 50.00, 0.00, 54.973, 0.0000, 54.9731, 0.0000 
50.00, 50.00, 0.00, 54.973, 0.0000, 54.9731, 0.0000 
50.00, 50.00, 0.00, 54.973, 0.0000, 54.9731, 0.0000 
50.00, 50.00, 0.00, 54.973, 0.0000, 54.9731, 0.0000 
50.00, 50.00, 0.00, 54.973, 0.0000, 54.9731, 0.0000 
50.00, 50.00, 0.00, 54.973, 0.0000, 54.9731, 0.0000 
50.00, 50.00, 0.00, 54.973, 0.0000, 54.9731, 0.0000 
50.00, 50.00, 0.00, 54.973, 0.0000, 54.9731, 0.0000 
50.00, 50.00, 0.00, 54.973, 0.0000, 54.9731, 0.0000 
50.00, 50.00, 0.00, 54.973, 0.0000, 54.9731, 0.0000 
50.00, 50.00, 0.00, 54.973, 0.0000, 54.9731, 0.0000 
50.00, 50.00, 0.00, 54.973, 0.0000, 54.9731, 0.0000 
50.00, 50.00, 0.00, 54.973, 0.0000, 54.9731, 0.0000 
50.00, 50.00, 0.00, 54.973, 0.0000, 54.9731, 0.0000 
50.00, 50.00, 0.00, 54.973, 0.0000, 54.9731, 0.0000 
50.00, 50.00, 0.00, 54.973, 0.0000, 54.9731, 0.0000 
50.00, 50.00, 0.00, 54.973, 0.0000, 54.9731, 0.0000 
50.00, 50.00, 0.00, 54.973, 0.0000, 54.9731, 0.0000 
50.00, 50.00, 0.00, 54.973, 0.0000, 54.9731, 0.0000 
50.00, 50.00, 0.00, 54.973, 0.0000, 54.9731, 0.0000 
50.00, 50.00, 0.00, 54.973, 0.0000, 54.9731, 0.0000 
50.00, 50.00, 0.00, 54.973, 0.0000, 54.9731, 0.0000 
50.00, 50.00, 0.00, 54.973, 0.0000, 54.9731, 0.0000 
50.00, 50.00, 0.00, 54.973, 0.0000, 54.9731, 0.0000 
50.00, 50.00, 0.00, 54.973, 0.0000, 54.9731, 0.0000 
50.00, 50.00, 0.00, 54.973, 0.0000, 54.9731, 0.0000 
50.00, 50.00, 0.00, 54.973, 0.0000, 54.9731, 0.0000 
50.00, 50.00, 0.00, 54.973, 0.0000, 54.9731, 0.0000 
50.00, 50.00, 0.00, 54.973, 0.0000, 54.9731, 0.0000 
50.00, 50.00, 0.00, 54.973, 0.0000, 54.9731, 0.0000 
50.00, 50.00, 0.00, 54.973, 0.0000, 54.9731, 0.0000 
50.00, 50.00, 0.00, 54.973, 0.0000, 54.9731, 0.0000 
50.00, 50.00, 0.00, 54.973, 0.0000, 54.9731, 0.0000 
50.00, 50.00, 0.00, 54.973, 0.0000, 54.9731, 0.0000 
50.00, 50.00, 0.00, 54.973, 0.0000, 54.9731, 0.0000 
50.00, 50.00, 0.00, 54.973, 0.0000, 54.9731, 0.0000 
50.00, 50.00, 0.00, 54.973, 0.0000, 54.9731, 0.0000 
50.00, 50.00, 0.00, 54.973, 0.0000, 54.9731, 0.0000 
50.00, 50.00, 0.00, 54.973, 0.0000, 54.9731, 0.0000 
50.00, 50.00, 0.00, 54.973, 0.0000, 54.9731, 0.0000 
50.00, 50.00, 0.00, 54.973, 0.0000, 54.9731, 0.0000 
50.00, 50.00, 0.00, 54.973, 0.0000, 54.9731, 0.0000 
50.00, 50.00, 0.00, 54.973, 0.0000, 54.9731, 0.0000 
50.00, 50.00, 0.00, 54.973, 0.0000, 54.9731, 0.0000 
50.00, 50.00, 0.00, 54.973, 0.0000, 54.9731, 0.0000 
