Temperature control application started
Kp: 2.000000, Ki: 0.033333, Kd: 5.000000
30.00, 30.00, 0.00, 10.134, 0.0000, 10.1343, 0.0000 
30.00, 30.00, 0.00, 10.134, 0.0000, 10.1343, 0.0000 
30.00, 30.00, 0.00, 10.134, 0.0000, 10.1343, 0.0000 
30.00, 30.00, 0.00, 10.134, 0.0000, 10.1343, 0.0000 
30.00, 30.00, 0.00, 10.134, 0.0000, 10.1343, 0.0000 
30.00, 30.00, 0.00, 10.134, 0.0000, 10.1343, 0.0000 
30.00, 30.00, 0.00, 10.134, 0.0000, 10.1343, 0.0000 
30.00, 30.00, 0.00, 10.134, 0.0000, 10.1343, 0.0000 
30.00, 30.00, 0.00, 10.134, 0.0000, 10.1343, 0.0000 
30.00, 30.00, 0.00, 10.134, 0.0000, 10.1343, 0.0000 
30.00, 30.00, 0.00, 10.134, 0.0000, 10.1343, 0.0000 
30.00, 30.00, 0.00, 10.134, 0.0000, 10.1343, 0.0000 
30.00, 30.00, 0.00, 10.134, 0.0000, 10.1343, 0.0000 
30.00, 30.00, 0.00, 10.134, 0.0000, 10.1343, 0.0000 
30.00, 30.00, 0.00, 10.134, 0.0000, 10.1343, 0.0000 
30.00, 30.00, 0.00, 10.134, 0.0000, 10.1343, 0.0000 
30.00, 30.00, 0.00, 10.134, 0.0000, 10.1343, 0.0000 
30.00, 30.00, 0.00, 10.134, 0.0000, 10.1343, 0.0000 
30.00, 30.00, 0.00, 10.134, 0.0000, 10.1343, 0.0000 
30.00, 30.00, 0.00, 10.134, 0.0000, 10.1343, 0.0000 
30.00, 30.00, 0.00, 10.134, 0.0000, 10.1343, 0.0000 
30.00, 30.00, 0.00, 10.134, 0.0000, 10.1343, 0.0000 
30.00, 30.00, 0.00, 10.134, 0.0000, 10.1343, 0.0000 
30.00, 30.00, 0.00, 10.134, 0.0000, 10.1343, 0.0000 
30.00, 30.00, 0.00, 10.134, 0.0000, 10.1343, 0.0000 
30.00, 30.00, 0.00, 10.134, 0.0000, 10.1343, 0.0000 
30.00, 30.00, 0.00, 10.134, 0.0000, 10.1343, 0.0000 
30.00, 30.00, 0.00, 10.134, 0.0000, 10.1343, 0.0000 
30.00, 30.00, 0.00, 10.134, 0.0000, 10.1343, 0.0000 
30.00, 30.00, 0.00, 10.134, 0.0000, 10.1343, 0.0000 
30.00, 30.00, 0.00, 10.134, 0.0000, 10.1343, 0.0000 
30.00, 30.00, 0.00, 10.134, 0.0000, 10.1343, 0.0000 
30.00, 30.00, 0.00, 10.134, 0.0000, 10.1343, 0.0000 
30.00, 30.00, 0.00, 10.134, 0.0000, 10.1343, 0.0000 
30.00, 30.00, 0.00, 10.134, 0.0000, 10.1343, 0.0000 
30.00, 30.00, 0.00, 10.134, 0.0000, 10.1343, 0.0000 
30.00, 30.00, 0.00, 10.134, 0.0000, 10.1343, 0.0000 
30.00, 30.00, 0.00, 10.134, 0.0000, 10.1343, 0.0000 
30.00, 30.00, 0.00, 10.134, 0.0000, 10.1343, 0.0000 
30.00, 30.00, 0.00, 10.134, 0.0000, 10.1343, 0.0000 
30.00, 30.00, 0.00, 10.134, 0.0000, 10.1343, 0.0000 
50.00, 30.00, 20.00, 100.000, 40.0000, 10.3563, 300.3003 
50.00, 30.00, 20.00, 50.578, 40.0000, 10.5783, 0.0000 
50.00, 30.00, 20.00, 50.800, 40.0000, 10.8003, 0.0000 
50.00, 30.00, 20.00, 51.022, 40.0000, 11.0223, 0.0000 
50.00, 30.00, 20.00, 51.244, 40.0000, 11.2443, 0.0000 
50.00, 30.00, 20.00, 51.466, 40.0000, 11.4663, 0.0000 
50.00, 30.00, 20.00, 51.688, 40.0000, 11.6883, 0.0000 
50.00, 30.00, 20.00, 51.910, 40.0000, 11.9103, 0.0000 
50.00, 30.50, 19.50, 43.619, 39.0000, 12.1267, -7.5075 
50.00, 30.50, 19.50, 51.343, 39.0000, 12.3432, 0.0000 
50.00, 30.50, 19.50, 51.560, 39.0000, 12.5596, 0.0000 
50.00, 30.50, 19.50, 51.776, 39.0000, 12.7761, 0.0000 
50.00, 31.00, 19.00, 43.479, 38.0000, 12.9870, -7.5075 
50.00, 31.00, 19.00, 51.198, 38.0000, 13.1979, 0.0000 
50.00, 31.00, 19.00, 51.409, 38.0000, 13.4088, 0.0000 
50.00, 31.00, 19.00, 51.620, 38.0000, 13.6197, 0.0000 
50.00, 31.00, 19.00, 51.831, 38.0000, 13.8306, 0.0000 
50.00, 31.00, 19.00, 52.041, 38.0000, 14.0415, 0.0000 
50.00, 31.50, 18.50, 43.739, 37.0000, 14.2468, -7.5075 
50.00, 31.50, 18.50, 51.452, 37.0000, 14.4522, 0.0000 
50.00, 31.50, 18.50, 51.658, 37.0000, 14.6575, 0.0000 
50.00, 31.50, 18.50, 51.863, 37.0000, 14.8629, 0.0000 
50.00, 31.50, 18.50, 52.068, 37.0000, 15.0682, 0.0000 
50.00, 32.00, 18.00, 43.761, 36.0000, 15.2680, -7.5075 
50.00, 32.00, 18.00, 51.468, 36.0000, 15.4678, 0.0000 
50.00, 32.00, 18.00, 51.668, 36.0000, 15.6676, 0.0000 
50.00, 32.00, 18.00, 51.867, 36.0000, 15.8674, 0.0000 
50.00, 32.00, 18.00, 52.067, 36.0000, 16.0672, 0.0000 
50.00, 32.00, 18.00, 52.267, 36.0000, 16.2670, 0.0000 
50.00, 32.50, 17.50, 43.954, 35.0000, 16.4613, -7.5075 
50.00, 32.50, 17.50, 51.656, 35.0000, 16.6555, 0.0000 
50.00, 32.50, 17.50, 51.850, 35.0000, 16.8498, 0.0000 
50.00, 32.50, 17.50, 52.044, 35.0000, 17.0440, 0.0000 
50.00, 32.50, 17.50, 52.238, 35.0000, 17.2383, 0.0000 
50.00, 33.00, 17.00, 43.919, 34.0000, 17.4270, -7.5075 
50.00, 33.00, 17.00, 51.616, 34.0000, 17.6157, 0.0000 
50.00, 33.00, 17.00, 51.804, 34.0000, 17.8044, 0.0000 
50.00, 33.00, 17.00, 51.993, 34.0000, 17.9931, 0.0000 
50.00, 33.00, 17.00, 52.182, 34.0000, 18.1818, 0.0000 
50.00, 33.00, 17.00, 52.370, 34.0000, 18.3705, 0.0000 
50.00, 33.50, 16.50, 44.046, 33.0000, 18.5536, -7.5075 
50.00, 33.50, 16.50, 51.737, 33.0000, 18.7368, 0.0000 
50.00, 33.50, 16.50, 51.920, 33.0000, 18.9199, 0.0000 
50.00, 33.50, 16.50, 52.103, 33.0000, 19.1031, 0.0000 
50.00, 33.50, 16.50, 52.286, 33.0000, 19.2862, 0.0000 
50.00, 34.00, 16.00, 43.956, 32.0000, 19.4638, -7.5075 
50.00, 34.00, 16.00, 51.641, 32.0000, 19.6414, 0.0000 
50.00, 34.00, 16.00, 51.819, 32.0000, 19.8190, 0.0000 
50.00, 34.00, 16.00, 51.997, 32.0000, 19.9966, 0.0000 
50.00, 34.00, 16.00, 52.174, 32.0000, 20.1742, 0.0000 
50.00, 34.00, 16.00, 52.352, 32.0000, 20.3518, 0.0000 
50.00, 34.50, 15.50, 44.016, 31.0000, 20.5239, -7.5075 
50.00, 34.50, 15.50, 51.696, 31.0000, 20.6959, 0.0000 
50.00, 34.50, 15.50, 51.868, 31.0000, 20.8680, 0.0000 
50.00, 34.50, 15.50, 52.040, 31.0000, 21.0400, 0.0000 
50.00, 34.50, 15.50, 52.212, 31.0000, 21.2121, 0.0000 
50.00, 34.50, 15.50, 52.384, 31.0000, 21.3841, 0.0000 
50.00, 35.00, 15.00, 44.043, 30.0000, 21.5506, -7.5075 
50.00, 35.00, 15.00, 51.717, 30.0000, 21.7171, 0.0000 
50.00, 35.00, 15.00, 51.884, 30.0000, 21.8836, 0.0000 
50.00, 35.00, 15.00, 52.050, 30.0000, 22.0501, 0.0000 
50.00, 35.00, 15.00, 52.217, 30.0000, 22.2166, 0.0000 
50.00, 35.00, 15.00, 52.383, 30.0000, 22.3831, 0.0000 
50.00, 35.00, 15.00, 52.550, 30.0000, 22.5496, 0.0000 
50.00, 35.50, 14.50, 44.203, 29.0000, 22.7106, -7.5075 
50.00, 35.50, 14.50, 51.872, 29.0000, 22.8715, 0.0000 
50.00, 35.50, 14.50, 52.032, 29.0000, 23.0325, 0.0000 
50.00, 35.50, 14.50, 52.193, 29.0000, 23.1934, 0.0000 
50.00, 35.50, 14.50, 52.354, 29.0000, 23.3544, 0.0000 
50.00, 35.50, 14.50, 52.515, 29.0000, 23.5153, 0.0000 
50.00, 35.50, 14.50, 52.676, 29.0000, 23.6763, 0.0000 
50.00, 35.50, 14.50, 52.837, 29.0000, 23.8372, 0.0000 
50.00, 35.50, 14.50, 52.998, 29.0000, 23.9982, 0.0000 
50.00, 36.00, 14.00, 44.646, 28.0000, 24.1536, -7.5075 
50.00, 36.00, 14.00, 52.309, 28.0000, 24.3090, 0.0000 
50.00, 36.00, 14.00, 52.464, 28.0000, 24.4644, 0.0000 
50.00, 36.00, 14.00, 52.620, 28.0000, 24.6198, 0.0000 
50.00, 36.00, 14.00, 52.775, 28.0000, 24.7752, 0.0000 
50.00, 36.00, 14.00, 52.931, 28.0000, 24.9306, 0.0000 
50.00, 36.00, 14.00, 53.086, 28.0000, 25.0860, 0.0000 
50.00, 36.50, 13.50, 44.728, 27.0000, 25.2358, -7.5075 
50.00, 36.50, 13.50, 52.386, 27.0000, 25.3857, 0.0000 
50.00, 36.50, 13.50, 52.536, 27.0000, 25.5355, 0.0000 
50.00, 36.50, 13.50, 52.685, 27.0000, 25.6854, 0.0000 
50.00, 36.50, 13.50, 52.835, 27.0000, 25.8352, 0.0000 
50.00, 36.50, 13.50, 52.985, 27.0000, 25.9851, 0.0000 
50.00, 36.50, 13.50, 53.135, 27.0000, 26.1349, 0.0000 
50.00, 37.00, 13.00, 44.772, 26.0000, 26.2792, -7.5075 
50.00, 37.00, 13.00, 52.424, 26.0000, 26.4235, 0.0000 
50.00, 37.00, 13.00, 52.568, 26.0000, 26.5678, 0.0000 
50.00, 37.00, 13.00, 52.712, 26.0000, 26.7121, 0.0000 
50.00, 37.00, 13.00, 52.856, 26.0000, 26.8564, 0.0000 
50.00, 37.00, 13.00, 53.001, 26.0000, 27.0007, 0.0000 
50.00, 37.00, 13.00, 53.145, 26.0000, 27.1450, 0.0000 
50.00, 37.00, 13.00, 53.289, 26.0000, 27.2893, 0.0000 
50.00, 37.50, 12.50, 44.921, 25.0000, 27.4281, -7.5075 
50.00, 37.50, 12.50, 52.567, 25.0000, 27.5668, 0.0000 
50.00, 37.50, 12.50, 52.706, 25.0000, 27.7056, 0.0000 
50.00, 37.50, 12.50, 52.844, 25.0000, 27.8443, 0.0000 
50.00, 37.50, 12.50, 52.983, 25.0000, 27.9831, 0.0000 
50.00, 37.50, 12.50, 53.122, 25.0000, 28.1218, 0.0000 
50.00, 37.50, 12.50, 53.261, 25.0000, 28.2606, 0.0000 
50.00, 37.50, 12.50, 53.399, 25.0000, 28.3993, 0.0000 
50.00, 38.00, 12.00, 45.025, 24.0000, 28.5325, -7.5075 
50.00, 38.00, 12.00, 52.666, 24.0000, 28.6657, 0.0000 
50.00, 38.00, 12.00, 52.799, 24.0000, 28.7989, 0.0000 
50.00, 38.00, 12.00, 52.932, 24.0000, 28.9321, 0.0000 
50.00, 38.00, 12.00, 53.065, 24.0000, 29.0653, 0.0000 
50.00, 38.00, 12.00, 53.199, 24.0000, 29.1985, 0.0000 
50.00, 38.00, 12.00, 53.332, 24.0000, 29.3317, 0.0000 
50.00, 38.00, 12.00, 53.465, 24.0000, 29.4649, 0.0000 
50.00, 38.00, 12.00, 53.598, 24.0000, 29.5981, 0.0000 
50.00, 38.50, 11.50, 45.218, 23.0000, 29.7258, -7.5075 
50.00, 38.50, 11.50, 52.853, 23.0000, 29.8534, 0.0000 
50.00, 38.50, 11.50, 52.981, 23.0000, 29.9811, 0.0000 
50.00, 38.50, 11.50, 53.109, 23.0000, 30.1087, 0.0000 
50.00, 38.50, 11.50, 53.236, 23.0000, 30.2364, 0.0000 
50.00, 38.50, 11.50, 53.364, 23.0000, 30.3640, 0.0000 
50.00, 38.50, 11.50, 53.492, 23.0000, 30.4917, 0.0000 
50.00, 38.50, 11.50, 53.619, 23.0000, 30.6193, 0.0000 
50.00, 38.50, 11.50, 53.747, 23.0000, 30.7470, 0.0000 
50.00, 39.00, 11.00, 45.362, 22.0000, 30.8691, -7.5075 
50.00, 39.00, 11.00, 52.991, 22.0000, 30.9912, 0.0000 
50.00, 39.00, 11.00, 53.113, 22.0000, 31.1133, 0.0000 
50.00, 39.00, 11.00, 53.235, 22.0000, 31.2354, 0.0000 
50.00, 39.00, 11.00, 53.357, 22.0000, 31.3575, 0.0000 
50.00, 39.00, 11.00, 53.480, 22.0000, 31.4796, 0.0000 
50.00, 39.00, 11.00, 53.602, 22.0000, 31.6017, 0.0000 
50.00, 39.00, 11.00, 53.724, 22.0000, 31.7238, 0.0000 
50.00, 39.00, 11.00, 53.846, 22.0000, 31.8459, 0.0000 
50.00, 39.00, 11.00, 53.968, 22.0000, 31.9680, 0.0000 
50.00, 39.50, 10.50, 45.577, 21.0000, 32.0845, -7.5075 
50.00, 39.50, 10.50, 53.201, 21.0000, 32.2011, 0.0000 
50.00, 39.50, 10.50, 53.318, 21.0000, 32.3176, 0.0000 
50.00, 39.50, 10.50, 53.434, 21.0000, 32.4342, 0.0000 
50.00, 39.50, 10.50, 53.551, 21.0000, 32.5507, 0.0000 
50.00, 39.50, 10.50, 53.667, 21.0000, 32.6673, 0.0000 
50.00, 39.50, 10.50, 53.784, 21.0000, 32.7838, 0.0000 
50.00, 39.50, 10.50, 53.900, 21.0000, 32.9004, 0.0000 
50.00, 39.50, 10.50, 54.017, 21.0000, 33.0169, 0.0000 
50.00, 39.50, 10.50, 54.133, 21.0000, 33.1335, 0.0000 
50.00, 39.50, 10.50, 54.250, 21.0000, 33.2500, 0.0000 
50.00, 40.00, 10.00, 45.854, 20.0000, 33.3610, -7.5075 
50.00, 40.00, 10.00, 53.472, 20.0000, 33.4720, 0.0000 
50.00, 40.00, 10.00, 53.583, 20.0000, 33.5830, 0.0000 
50.00, 40.00, 10.00, 53.694, 20.0000, 33.6940, 0.0000 
50.00, 40.00, 10.00, 53.805, 20.0000, 33.8050, 0.0000 
50.00, 40.00, 10.00, 53.916, 20.0000, 33.9160, 0.0000 
50.00, 40.00, 10.00, 54.027, 20.0000, 34.0270, 0.0000 
50.00, 40.00, 10.00, 54.138, 20.0000, 34.1380, 0.0000 
50.00, 40.00, 10.00, 54.249, 20.0000, 34.2490, 0.0000 
50.00, 40.00, 10.00, 54.360, 20.0000, 34.3600, 0.0000 
50.00, 40.00, 10.00, 54.471, 20.0000, 34.4710, 0.0000 
50.00, 40.00, 10.00, 54.582, 20.0000, 34.5820, 0.0000 
50.00, 40.50, 9.50, 46.180, 19.0000, 34.6875, -7.5075 
50.00, 40.50, 9.50, 53.793, 19.0000, 34.7929, 0.0000 
50.00, 40.50, 9.50, 53.898, 19.0000, 34.8984, 0.0000 
50.00, 40.50, 9.50, 54.004, 19.0000, 35.0038, 0.0000 
50.00, 40.50, 9.50, 54.109, 19.0000, 35.1093, 0.0000 
50.00, 40.50, 9.50, 54.215, 19.0000, 35.2147, 0.0000 
50.00, 40.50, 9.50, 54.320, 19.0000, 35.3202, 0.0000 
50.00, 40.50, 9.50, 54.426, 19.0000, 35.4256, 0.0000 
50.00, 40.50, 9.50, 54.531, 19.0000, 35.5311, 0.0000 
50.00, 40.50, 9.50, 54.637, 19.0000, 35.6365, 0.0000 
50.00, 40.50, 9.50, 54.742, 19.0000, 35.7420, 0.0000 
50.00, 40.50, 9.50, 54.847, 19.0000, 35.8474, 0.0000 
50.00, 41.00, 9.00, 46.440, 18.0000, 35.9473, -7.5075 
50.00, 41.00, 9.00, 54.047, 18.0000, 36.0472, 0.0000 
50.00, 41.00, 9.00, 54.147, 18.0000, 36.1471, 0.0000 
50.00, 41.00, 9.00, 54.247, 18.0000, 36.2470, 0.0000 
50.00, 41.00, 9.00, 54.347, 18.0000, 36.3469, 0.0000 
50.00, 41.00, 9.00, 54.447, 18.0000, 36.4468, 0.0000 
50.00, 41.00, 9.00, 54.547, 18.0000, 36.5467, 0.0000 
50.00, 41.00, 9.00, 54.647, 18.0000, 36.6466, 0.0000 
50.00, 41.00, 9.00, 54.747, 18.0000, 36.7465, 0.0000 
50.00, 41.00, 9.00, 54.846, 18.0000, 36.8464, 0.0000 
50.00, 41.00, 9.00, 54.946, 18.0000, 36.9463, 0.0000 
50.00, 41.00, 9.00, 55.046, 18.0000, 37.0462, 0.0000 
50.00, 41.50, 8.50, 46.633, 17.0000, 37.1405, -7.5075 
50.00, 41.50, 8.50, 54.235, 17.0000, 37.2349, 0.0000 
50.00, 41.50, 8.50, 54.329, 17.0000, 37.3292, 0.0000 
50.00, 41.50, 8.50, 54.424, 17.0000, 37.4236, 0.0000 
50.00, 41.50, 8.50, 54.518, 17.0000, 37.5179, 0.0000 
50.00, 41.50, 8.50, 54.612, 17.0000, 37.6123, 0.0000 
50.00, 41.50, 8.50, 54.707, 17.0000, 37.7066, 0.0000 
50.00, 41.50, 8.50, 54.801, 17.0000, 37.8010, 0.0000 
50.00, 41.50, 8.50, 54.895, 17.0000, 37.8953, 0.0000 
50.00, 41.50, 8.50, 54.990, 17.0000, 37.9897, 0.0000 
50.00, 41.50, 8.50, 55.084, 17.0000, 38.0840, 0.0000 
50.00, 41.50, 8.50, 55.178, 17.0000, 38.1784, 0.0000 
50.00, 41.50, 8.50, 55.273, 17.0000, 38.2727, 0.0000 
50.00, 41.50, 8.50, 55.367, 17.0000, 38.3671, 0.0000 
50.00, 42.00, 8.00, 46.948, 16.0000, 38.4559, -7.5075 
50.00, 42.00, 8.00, 54.545, 16.0000, 38.5447, 0.0000 
50.00, 42.00, 8.00, 54.633, 16.0000, 38.6335, 0.0000 
50.00, 42.00, 8.00, 54.722, 16.0000, 38.7223, 0.0000 
50.00, 42.00, 8.00, 54.811, 16.0000, 38.8111, 0.0000 
50.00, 42.00, 8.00, 54.900, 16.0000, 38.8999, 0.0000 
50.00, 42.00, 8.00, 54.989, 16.0000, 38.9887, 0.0000 
50.00, 42.00, 8.00, 55.077, 16.0000, 39.0775, 0.0000 
50.00, 42.00, 8.00, 55.166, 16.0000, 39.1663, 0.0000 
50.00, 42.00, 8.00, 55.255, 16.0000, 39.2551, 0.0000 
50.00, 42.00, 8.00, 55.344, 16.0000, 39.3438, 0.0000 
50.00, 42.00, 8.00, 55.433, 16.0000, 39.4326, 0.0000 
50.00, 42.00, 8.00, 55.521, 16.0000, 39.5214, 0.0000 
50.00, 42.00, 8.00, 55.610, 16.0000, 39.6102, 0.0000 
50.00, 42.00, 8.00, 55.699, 16.0000, 39.6990, 0.0000 
50.00, 42.50, 7.50, 47.275, 15.0000, 39.7823, -7.5075 
50.00, 42.50, 7.50, 54.866, 15.0000, 39.8655, 0.0000 
50.00, 42.50, 7.50, 54.949, 15.0000, 39.9488, 0.0000 
50.00, 42.50, 7.50, 55.032, 15.0000, 40.0321, 0.0000 
50.00, 42.50, 7.50, 55.115, 15.0000, 40.1153, 0.0000 
50.00, 42.50, 7.50, 55.199, 15.0000, 40.1986, 0.0000 
50.00, 42.50, 7.50, 55.282, 15.0000, 40.2818, 0.0000 
50.00, 42.50, 7.50, 55.365, 15.0000, 40.3651, 0.0000 
50.00, 42.50, 7.50, 55.448, 15.0000, 40.4483, 0.0000 
50.00, 42.50, 7.50, 55.532, 15.0000, 40.5316, 0.0000 
50.00, 42.50, 7.50, 55.615, 15.0000, 40.6148, 0.0000 
50.00, 42.50, 7.50, 55.698, 15.0000, 40.6981, 0.0000 
50.00, 42.50, 7.50, 55.781, 15.0000, 40.7813, 0.0000 
50.00, 42.50, 7.50, 55.865, 15.0000, 40.8646, 0.0000 
50.00, 43.00, 7.00, 47.435, 14.0000, 40.9423, -7.5075 
50.00, 43.00, 7.00, 55.020, 14.0000, 41.0200, 0.0000 
50.00, 43.00, 7.00, 55.098, 14.0000, 41.0977, 0.0000 
50.00, 43.00, 7.00, 55.175, 14.0000, 41.1754, 0.0000 
50.00, 43.00, 7.00, 55.253, 14.0000, 41.2531, 0.0000 
50.00, 43.00, 7.00, 55.331, 14.0000, 41.3308, 0.0000 
50.00, 43.00, 7.00, 55.408, 14.0000, 41.4085, 0.0000 
50.00, 43.00, 7.00, 55.486, 14.0000, 41.4862, 0.0000 
50.00, 43.00, 7.00, 55.564, 14.0000, 41.5639, 0.0000 
50.00, 43.00, 7.00, 55.642, 14.0000, 41.6416, 0.0000 
50.00, 43.00, 7.00, 55.719, 14.0000, 41.7193, 0.0000 
50.00, 43.00, 7.00, 55.797, 14.0000, 41.7970, 0.0000 
50.00, 43.00, 7.00, 55.875, 14.0000, 41.8747, 0.0000 
50.00, 43.00, 7.00, 55.952, 14.0000, 41.9524, 0.0000 
50.00, 43.00, 7.00, 56.030, 14.0000, 42.0301, 0.0000 
50.00, 43.00, 7.00, 56.108, 14.0000, 42.1078, 0.0000 
50.00, 43.00, 7.00, 56.186, 14.0000, 42.1855, 0.0000 
50.00, 43.50, 6.50, 47.750, 13.0000, 42.2577, -7.5075 
50.00, 43.50, 6.50, 55.330, 13.0000, 42.3298, 0.0000 
50.00, 43.50, 6.50, 55.402, 13.0000, 42.4020, 0.0000 
50.00, 43.50, 6.50, 55.474, 13.0000, 42.4741, 0.0000 
50.00, 43.50, 6.50, 55.546, 13.0000, 42.5463, 0.0000 
50.00, 43.50, 6.50, 55.618, 13.0000, 42.6184, 0.0000 
50.00, 43.50, 6.50, 55.691, 13.0000, 42.6906, 0.0000 
50.00, 43.50, 6.50, 55.763, 13.0000, 42.7627, 0.0000 
50.00, 43.50, 6.50, 55.835, 13.0000, 42.8349, 0.0000 
50.00, 43.50, 6.50, 55.907, 13.0000, 42.9070, 0.0000 
50.00, 43.50, 6.50, 55.979, 13.0000, 42.9792, 0.0000 
50.00, 43.50, 6.50, 56.051, 13.0000, 43.0513, 0.0000 
50.00, 43.50, 6.50, 56.123, 13.0000, 43.1235, 0.0000 
50.00, 43.50, 6.50, 56.196, 13.0000, 43.1956, 0.0000 
50.00, 43.50, 6.50, 56.268, 13.0000, 43.2678, 0.0000 
50.00, 43.50, 6.50, 56.340, 13.0000, 43.3399, 0.0000 
50.00, 43.50, 6.50, 56.412, 13.0000, 43.4121, 0.0000 
50.00, 43.50, 6.50, 56.484, 13.0000, 43.4842, 0.0000 
50.00, 44.00, 6.00, 48.043, 12.0000, 43.5508, -7.5075 
50.00, 44.00, 6.00, 55.617, 12.0000, 43.6174, 0.0000 
50.00, 44.00, 6.00, 55.684, 12.0000, 43.6840, 0.0000 
50.00, 44.00, 6.00, 55.751, 12.0000, 43.7506, 0.0000 
50.00, 44.00, 6.00, 55.817, 12.0000, 43.8172, 0.0000 
50.00, 44.00, 6.00, 55.884, 12.0000, 43.8838, 0.0000 
50.00, 44.00, 6.00, 55.950, 12.0000, 43.9504, 0.0000 
50.00, 44.00, 6.00, 56.017, 12.0000, 44.0170, 0.0000 
50.00, 44.00, 6.00, 56.084, 12.0000, 44.0836, 0.0000 
50.00, 44.00, 6.00, 56.150, 12.0000, 44.1502, 0.0000 
50.00, 44.00, 6.00, 56.217, 12.0000, 44.2168, 0.0000 
50.00, 44.00, 6.00, 56.283, 12.0000, 44.2835, 0.0000 
50.00, 44.00, 6.00, 56.350, 12.0000, 44.3501, 0.0000 
50.00, 44.00, 6.00, 56.417, 12.0000, 44.4167, 0.0000 
50.00, 44.00, 6.00, 56.483, 12.0000, 44.4833, 0.0000 
50.00, 44.00, 6.00, 56.550, 12.0000, 44.5499, 0.0000 
50.00, 44.00, 6.00, 56.616, 12.0000, 44.6165, 0.0000 
50.00, 44.00, 6.00, 56.683, 12.0000, 44.6831, 0.0000 
50.00, 44.00, 6.00, 56.750, 12.0000, 44.7497, 0.0000 
50.00, 44.00, 6.00, 56.816, 12.0000, 44.8163, 0.0000 
50.00, 44.50, 5.50, 48.370, 11.0000, 44.8773, -7.5075 
50.00, 44.50, 5.50, 55.938, 11.0000, 44.9384, 0.0000 
50.00, 44.50, 5.50, 55.999, 11.0000, 44.9994, 0.0000 
50.00, 44.50, 5.50, 56.060, 11.0000, 45.0605, 0.0000 
50.00, 44.50, 5.50, 56.122, 11.0000, 45.1215, 0.0000 
50.00, 44.50, 5.50, 56.183, 11.0000, 45.1826, 0.0000 
50.00, 44.50, 5.50, 56.244, 11.0000, 45.2436, 0.0000 
50.00, 44.50, 5.50, 56.305, 11.0000, 45.3047, 0.0000 
50.00, 44.50, 5.50, 56.366, 11.0000, 45.3657, 0.0000 
50.00, 44.50, 5.50, 56.427, 11.0000, 45.4268, 0.0000 
50.00, 44.50, 5.50, 56.488, 11.0000, 45.4878, 0.0000 
50.00, 44.50, 5.50, 56.549, 11.0000, 45.5489, 0.0000 
50.00, 44.50, 5.50, 56.610, 11.0000, 45.6099, 0.0000 
50.00, 44.50, 5.50, 56.671, 11.0000, 45.6710, 0.0000 
50.00, 44.50, 5.50, 56.732, 11.0000, 45.7320, 0.0000 
50.00, 44.50, 5.50, 56.793, 11.0000, 45.7931, 0.0000 
50.00, 44.50, 5.50, 56.854, 11.0000, 45.8541, 0.0000 
50.00, 44.50, 5.50, 56.915, 11.0000, 45.9152, 0.0000 
50.00, 44.50, 5.50, 56.976, 11.0000, 45.9762, 0.0000 
50.00, 44.50, 5.50, 57.037, 11.0000, 46.0373, 0.0000 
50.00, 45.00, 5.00, 48.585, 10.0000, 46.0928, -7.5075 
50.00, 45.00, 5.00, 56.148, 10.0000, 46.1483, 0.0000 
50.00, 45.00, 5.00, 56.204, 10.0000, 46.2038, 0.0000 
50.00, 45.00, 5.00, 56.259, 10.0000, 46.2593, 0.0000 
50.00, 45.00, 5.00, 56.315, 10.0000, 46.3148, 0.0000 
50.00, 45.00, 5.00, 56.370, 10.0000, 46.3703, 0.0000 
50.00, 45.00, 5.00, 56.426, 10.0000, 46.4258, 0.0000 
50.00, 45.00, 5.00, 56.481, 10.0000, 46.4813, 0.0000 
50.00, 45.00, 5.00, 56.537, 10.0000, 46.5368, 0.0000 
50.00, 45.00, 5.00, 56.592, 10.0000, 46.5923, 0.0000 
50.00, 45.00, 5.00, 56.648, 10.0000, 46.6478, 0.0000 
50.00, 45.00, 5.00, 56.703, 10.0000, 46.7033, 0.0000 
50.00, 45.00, 5.00, 56.759, 10.0000, 46.7588, 0.0000 
50.00, 45.00, 5.00, 56.814, 10.0000, 46.8143, 0.0000 
50.00, 45.00, 5.00, 56.870, 10.0000, 46.8698, 0.0000 
50.00, 45.00, 5.00, 56.925, 10.0000, 46.9253, 0.0000 
50.00, 45.00, 5.00, 56.981, 10.0000, 46.9808, 0.0000 
50.00, 45.00, 5.00, 57.036, 10.0000, 47.0363, 0.0000 
50.00, 45.00, 5.00, 57.092, 10.0000, 47.0918, 0.0000 
50.00, 45.00, 5.00, 57.147, 10.0000, 47.1473, 0.0000 
50.00, 45.00, 5.00, 57.203, 10.0000, 47.2028, 0.0000 
50.00, 45.00, 5.00, 57.258, 10.0000, 47.2583, 0.0000 
50.00, 45.00, 5.00, 57.314, 10.0000, 47.3138, 0.0000 
50.00, 45.00, 5.00, 57.369, 10.0000, 47.3693, 0.0000 
50.00, 45.00, 5.00, 57.425, 10.0000, 47.4248, 0.0000 
50.00, 45.00, 5.00, 57.480, 10.0000, 47.4803, 0.0000 
50.00, 45.50, 4.50, 49.023, 9.0000, 47.5303, -7.5075 
50.00, 45.50, 4.50, 56.580, 9.0000, 47.5802, 0.0000 
50.00, 45.50, 4.50, 56.630, 9.0000, 47.6302, 0.0000 
50.00, 45.50, 4.50, 56.680, 9.0000, 47.6801, 0.0000 
50.00, 45.50, 4.50, 56.730, 9.0000, 47.7301, 0.0000 
50.00, 45.50, 4.50, 56.780, 9.0000, 47.7800, 0.0000 
50.00, 45.50, 4.50, 56.830, 9.0000, 47.8300, 0.0000 
50.00, 45.50, 4.50, 56.880, 9.0000, 47.8799, 0.0000 
50.00, 45.50, 4.50, 56.930, 9.0000, 47.9299, 0.0000 
50.00, 45.50, 4.50, 56.980, 9.0000, 47.9798, 0.0000 
50.00, 45.50, 4.50, 57.030, 9.0000, 48.0298, 0.0000 
50.00, 45.50, 4.50, 57.080, 9.0000, 48.0797, 0.0000 
50.00, 45.50, 4.50, 57.130, 9.0000, 48.1297, 0.0000 
50.00, 45.50, 4.50, 57.180, 9.0000, 48.1796, 0.0000 
50.00, 45.50, 4.50, 57.230, 9.0000, 48.2296, 0.0000 
50.00, 45.50, 4.50, 57.280, 9.0000, 48.2795, 0.0000 
50.00, 45.50, 4.50, 57.329, 9.0000, 48.3295, 0.0000 
50.00, 45.50, 4.50, 57.379, 9.0000, 48.3794, 0.0000 
50.00, 45.50, 4.50, 57.429, 9.0000, 48.4294, 0.0000 
50.00, 45.50, 4.50, 57.479, 9.0000, 48.4793, 0.0000 
50.00, 45.50, 4.50, 57.529, 9.0000, 48.5293, 0.0000 
50.00, 45.50, 4.50, 57.579, 9.0000, 48.5793, 0.0000 
50.00, 45.50, 4.50, 57.629, 9.0000, 48.6292, 0.0000 
50.00, 45.50, 4.50, 57.679, 9.0000, 48.6792, 0.0000 
50.00, 46.00, 4.00, 49.216, 8.0000, 48.7236, -7.5075 
50.00, 45.50, 4.50, 65.281, 9.0000, 48.7735, 7.5075 
50.00, 46.00, 4.00, 49.310, 8.0000, 48.8179, -7.5075 
50.00, 46.00, 4.00, 56.862, 8.0000, 48.8623, 0.0000 
50.00, 46.00, 4.00, 56.907, 8.0000, 48.9067, 0.0000 
50.00, 46.00, 4.00, 56.951, 8.0000, 48.9511, 0.0000 
50.00, 46.00, 4.00, 56.996, 8.0000, 48.9955, 0.0000 
50.00, 46.00, 4.00, 57.040, 8.0000, 49.0399, 0.0000 
50.00, 46.00, 4.00, 57.084, 8.0000, 49.0843, 0.0000 
50.00, 46.00, 4.00, 57.129, 8.0000, 49.1287, 0.0000 
50.00, 46.00, 4.00, 57.173, 8.0000, 49.1731, 0.0000 
50.00, 46.00, 4.00, 57.218, 8.0000, 49.2175, 0.0000 
50.00, 46.00, 4.00, 57.262, 8.0000, 49.2619, 0.0000 
50.00, 46.00, 4.00, 57.306, 8.0000, 49.3063, 0.0000 
50.00, 46.00, 4.00, 57.351, 8.0000, 49.3507, 0.0000 
50.00, 46.00, 4.00, 57.395, 8.0000, 49.3951, 0.0000 
50.00, 46.00, 4.00, 57.440, 8.0000, 49.4395, 0.0000 
50.00, 46.00, 4.00, 57.484, 8.0000, 49.4839, 0.0000 
50.00, 46.00, 4.00, 57.528, 8.0000, 49.5283, 0.0000 
50.00, 46.00, 4.00, 57.573, 8.0000, 49.5727, 0.0000 
50.00, 46.00, 4.00, 57.617, 8.0000, 49.6171, 0.0000 
50.00, 46.00, 4.00, 57.662, 8.0000, 49.6615, 0.0000 
50.00, 46.00, 4.00, 57.706, 8.0000, 49.7059, 0.0000 
50.00, 46.00, 4.00, 57.750, 8.0000, 49.7503, 0.0000 
50.00, 46.00, 4.00, 57.795, 8.0000, 49.7947, 0.0000 
50.00, 46.00, 4.00, 57.839, 8.0000, 49.8391, 0.0000 
50.00, 46.00, 4.00, 57.884, 8.0000, 49.8835, 0.0000 
50.00, 46.00, 4.00, 57.928, 8.0000, 49.9279, 0.0000 
50.00, 46.00, 4.00, 57.972, 8.0000, 49.9723, 0.0000 
50.00, 46.00, 4.00, 58.017, 8.0000, 50.0167, 0.0000 
50.00, 46.00, 4.00, 58.061, 8.0000, 50.0611, 0.0000 
50.00, 46.00, 4.00, 58.106, 8.0000, 50.1055, 0.0000 
50.00, 46.00, 4.00, 58.150, 8.0000, 50.1499, 0.0000 
50.00, 46.00, 4.00, 58.194, 8.0000, 50.1943, 0.0000 
50.00, 46.00, 4.00, 58.239, 8.0000, 50.2387, 0.0000 
50.00, 46.00, 4.00, 58.283, 8.0000, 50.2831, 0.0000 
50.00, 46.00, 4.00, 58.328, 8.0000, 50.3275, 0.0000 
50.00, 46.50, 3.50, 49.859, 7.0000, 50.3664, -7.5075 
50.00, 46.50, 3.50, 57.405, 7.0000, 50.4052, 0.0000 
50.00, 46.50, 3.50, 57.444, 7.0000, 50.4441, 0.0000 
50.00, 46.50, 3.50, 57.483, 7.0000, 50.4829, 0.0000 
50.00, 46.50, 3.50, 57.522, 7.0000, 50.5218, 0.0000 
50.00, 46.50, 3.50, 57.561, 7.0000, 50.5606, 0.0000 
50.00, 46.50, 3.50, 57.599, 7.0000, 50.5995, 0.0000 
50.00, 46.50, 3.50, 57.638, 7.0000, 50.6383, 0.0000 
50.00, 46.50, 3.50, 57.677, 7.0000, 50.6772, 0.0000 
50.00, 46.50, 3.50, 57.716, 7.0000, 50.7160, 0.0000 
50.00, 46.50, 3.50, 57.755, 7.0000, 50.7549, 0.0000 
50.00, 46.50, 3.50, 57.794, 7.0000, 50.7938, 0.0000 
50.00, 46.50, 3.50, 57.833, 7.0000, 50.8326, 0.0000 
50.00, 46.50, 3.50, 57.871, 7.0000, 50.8715, 0.0000 
50.00, 46.50, 3.50, 57.910, 7.0000, 50.9103, 0.0000 
50.00, 46.50, 3.50, 57.949, 7.0000, 50.9492, 0.0000 
50.00, 46.50, 3.50, 57.988, 7.0000, 50.9880, 0.0000 
50.00, 46.50, 3.50, 58.027, 7.0000, 51.0269, 0.0000 
50.00, 46.50, 3.50, 58.066, 7.0000, 51.0657, 0.0000 
50.00, 46.50, 3.50, 58.105, 7.0000, 51.1046, 0.0000 
50.00, 46.50, 3.50, 58.143, 7.0000, 51.1434, 0.0000 
50.00, 46.50, 3.50, 58.182, 7.0000, 51.1823, 0.0000 
50.00, 46.50, 3.50, 58.221, 7.0000, 51.2211, 0.0000 
50.00, 46.50, 3.50, 58.260, 7.0000, 51.2600, 0.0000 
50.00, 46.50, 3.50, 58.299, 7.0000, 51.2988, 0.0000 
50.00, 46.50, 3.50, 58.338, 7.0000, 51.3377, 0.0000 
50.00, 47.00, 3.00, 49.863, 6.0000, 51.3710, -7.5075 
50.00, 47.00, 3.00, 57.404, 6.0000, 51.4043, 0.0000 
50.00, 47.00, 3.00, 57.438, 6.0000, 51.4376, 0.0000 
50.00, 47.00, 3.00, 57.471, 6.0000, 51.4709, 0.0000 
50.00, 47.00, 3.00, 57.504, 6.0000, 51.5042, 0.0000 
50.00, 47.00, 3.00, 57.537, 6.0000, 51.5375, 0.0000 
50.00, 47.00, 3.00, 57.571, 6.0000, 51.5708, 0.0000 
50.00, 47.00, 3.00, 57.604, 6.0000, 51.6041, 0.0000 
50.00, 47.00, 3.00, 57.637, 6.0000, 51.6374, 0.0000 
50.00, 47.00, 3.00, 57.671, 6.0000, 51.6707, 0.0000 
50.00, 47.00, 3.00, 57.704, 6.0000, 51.7040, 0.0000 
50.00, 47.00, 3.00, 57.737, 6.0000, 51.7373, 0.0000 
50.00, 47.00, 3.00, 57.771, 6.0000, 51.7706, 0.0000 
50.00, 47.00, 3.00, 57.804, 6.0000, 51.8039, 0.0000 
50.00, 47.00, 3.00, 57.837, 6.0000, 51.8372, 0.0000 
50.00, 47.00, 3.00, 57.870, 6.0000, 51.8705, 0.0000 
50.00, 47.00, 3.00, 57.904, 6.0000, 51.9038, 0.0000 
50.00, 47.00, 3.00, 57.937, 6.0000, 51.9371, 0.0000 
50.00, 47.00, 3.00, 57.970, 6.0000, 51.9704, 0.0000 
50.00, 47.00, 3.00, 58.004, 6.0000, 52.0037, 0.0000 
50.00, 47.00, 3.00, 58.037, 6.0000, 52.0370, 0.0000 
50.00, 47.00, 3.00, 58.070, 6.0000, 52.0703, 0.0000 
50.00, 47.00, 3.00, 58.104, 6.0000, 52.1036, 0.0000 
50.00, 46.50, 3.50, 66.650, 7.0000, 52.1424, 7.5075 
50.00, 47.00, 3.00, 50.668, 6.0000, 52.1757, -7.5075 
50.00, 47.00, 3.00, 58.209, 6.0000, 52.2090, 0.0000 
50.00, 47.00, 3.00, 58.242, 6.0000, 52.2423, 0.0000 
50.00, 47.00, 3.00, 58.276, 6.0000, 52.2756, 0.0000 
50.00, 47.00, 3.00, 58.309, 6.0000, 52.3089, 0.0000 
50.00, 47.00, 3.00, 58.342, 6.0000, 52.3422, 0.0000 
50.00, 47.00, 3.00, 58.376, 6.0000, 52.3755, 0.0000 
50.00, 47.00, 3.00, 58.409, 6.0000, 52.4088, 0.0000 
50.00, 47.00, 3.00, 58.442, 6.0000, 52.4421, 0.0000 
50.00, 47.00, 3.00, 58.475, 6.0000, 52.4754, 0.0000 
50.00, 47.00, 3.00, 58.509, 6.0000, 52.5087, 0.0000 
50.00, 47.00, 3.00, 58.542, 6.0000, 52.5420, 0.0000 
50.00, 47.00, 3.00, 58.575, 6.0000, 52.5753, 0.0000 
50.00, 47.00, 3.00, 58.609, 6.0000, 52.6086, 0.0000 
50.00, 47.00, 3.00, 58.642, 6.0000, 52.6419, 0.0000 
50.00, 47.00, 3.00, 58.675, 6.0000, 52.6752, 0.0000 
50.00, 47.00, 3.00, 58.709, 6.0000, 52.7085, 0.0000 
50.00, 47.00, 3.00, 58.742, 6.0000, 52.7418, 0.0000 
50.00, 47.00, 3.00, 58.775, 6.0000, 52.7752, 0.0000 
50.00, 47.00, 3.00, 58.808, 6.0000, 52.8084, 0.0000 
50.00, 47.00, 3.00, 58.842, 6.0000, 52.8418, 0.0000 
50.00, 47.00, 3.00, 58.875, 6.0000, 52.8751, 0.0000 
50.00, 47.00, 3.00, 58.908, 6.0000, 52.9084, 0.0000 
50.00, 47.50, 2.50, 50.429, 5.0000, 52.9361, -7.5075 
50.00, 47.50, 2.50, 57.964, 5.0000, 52.9639, 0.0000 
50.00, 47.50, 2.50, 57.992, 5.0000, 52.9916, 0.0000 
50.00, 47.50, 2.50, 58.019, 5.0000, 53.0194, 0.0000 
50.00, 47.00, 3.00, 66.560, 6.0000, 53.0527, 7.5075 
50.00, 47.50, 2.50, 50.573, 5.0000, 53.0804, -7.5075 
50.00, 47.50, 2.50, 58.108, 5.0000, 53.1082, 0.0000 
50.00, 47.50, 2.50, 58.136, 5.0000, 53.1359, 0.0000 
50.00, 47.50, 2.50, 58.164, 5.0000, 53.1637, 0.0000 
50.00, 47.50, 2.50, 58.191, 5.0000, 53.1914, 0.0000 
50.00, 47.50, 2.50, 58.219, 5.0000, 53.2192, 0.0000 
50.00, 47.50, 2.50, 58.247, 5.0000, 53.2469, 0.0000 
50.00, 47.50, 2.50, 58.275, 5.0000, 53.2747, 0.0000 
50.00, 47.50, 2.50, 58.302, 5.0000, 53.3024, 0.0000 
50.00, 47.50, 2.50, 58.330, 5.0000, 53.3302, 0.0000 
50.00, 47.50, 2.50, 58.358, 5.0000, 53.3579, 0.0000 
50.00, 47.50, 2.50, 58.386, 5.0000, 53.3857, 0.0000 
50.00, 47.50, 2.50, 58.413, 5.0000, 53.4134, 0.0000 
50.00, 47.50, 2.50, 58.441, 5.0000, 53.4412, 0.0000 
50.00, 47.50, 2.50, 58.469, 5.0000, 53.4689, 0.0000 
50.00, 47.50, 2.50, 58.497, 5.0000, 53.4967, 0.0000 
50.00, 47.50, 2.50, 58.524, 5.0000, 53.5244, 0.0000 
50.00, 47.50, 2.50, 58.552, 5.0000, 53.5522, 0.0000 
50.00, 47.50, 2.50, 58.580, 5.0000, 53.5799, 0.0000 
50.00, 47.50, 2.50, 58.608, 5.0000, 53.6077, 0.0000 
50.00, 47.50, 2.50, 58.635, 5.0000, 53.6354, 0.0000 
50.00, 47.50, 2.50, 58.663, 5.0000, 53.6632, 0.0000 
50.00, 47.50, 2.50, 58.691, 5.0000, 53.6909, 0.0000 
50.00, 47.50, 2.50, 58.719, 5.0000, 53.7187, 0.0000 
50.00, 47.50, 2.50, 58.746, 5.0000, 53.7464, 0.0000 
50.00, 47.50, 2.50, 58.774, 5.0000, 53.7742, 0.0000 
50.00, 47.50, 2.50, 58.802, 5.0000, 53.8019, 0.0000 
50.00, 47.50, 2.50, 58.830, 5.0000, 53.8297, 0.0000 
50.00, 47.50, 2.50, 58.857, 5.0000, 53.8574, 0.0000 
50.00, 48.00, 2.00, 50.372, 4.0000, 53.8796, -7.5075 
50.00, 48.00, 2.00, 57.902, 4.0000, 53.9018, 0.0000 
50.00, 48.00, 2.00, 57.924, 4.0000, 53.9240, 0.0000 
50.00, 48.00, 2.00, 57.946, 4.0000, 53.9462, 0.0000 
50.00, 48.00, 2.00, 57.968, 4.0000, 53.9684, 0.0000 
50.00, 48.00, 2.00, 57.991, 4.0000, 53.9906, 0.0000 
50.00, 48.00, 2.00, 58.013, 4.0000, 54.0128, 0.0000 
50.00, 48.00, 2.00, 58.035, 4.0000, 54.0350, 0.0000 
50.00, 48.00, 2.00, 58.057, 4.0000, 54.0572, 0.0000 
50.00, 48.00, 2.00, 58.079, 4.0000, 54.0794, 0.0000 
50.00, 48.00, 2.00, 58.102, 4.0000, 54.1016, 0.0000 
50.00, 48.00, 2.00, 58.124, 4.0000, 54.1238, 0.0000 
50.00, 48.00, 2.00, 58.146, 4.0000, 54.1460, 0.0000 
50.00, 48.00, 2.00, 58.168, 4.0000, 54.1682, 0.0000 
50.00, 48.00, 2.00, 58.190, 4.0000, 54.1904, 0.0000 
50.00, 48.00, 2.00, 58.213, 4.0000, 54.2126, 0.0000 
50.00, 48.00, 2.00, 58.235, 4.0000, 54.2348, 0.0000 
50.00, 48.00, 2.00, 58.257, 4.0000, 54.2570, 0.0000 
50.00, 48.00, 2.00, 58.279, 4.0000, 54.2792, 0.0000 
50.00, 48.00, 2.00, 58.301, 4.0000, 54.3014, 0.0000 
50.00, 48.00, 2.00, 58.324, 4.0000, 54.3236, 0.0000 
50.00, 48.00, 2.00, 58.346, 4.0000, 54.3458, 0.0000 
50.00, 48.00, 2.00, 58.368, 4.0000, 54.3680, 0.0000 
50.00, 48.00, 2.00, 58.390, 4.0000, 54.3902, 0.0000 
50.00, 48.00, 2.00, 58.412, 4.0000, 54.4124, 0.0000 
50.00, 48.00, 2.00, 58.435, 4.0000, 54.4346, 0.0000 
50.00, 48.00, 2.00, 58.457, 4.0000, 54.4568, 0.0000 
50.00, 48.00, 2.00, 58.479, 4.0000, 54.4790, 0.0000 
50.00, 48.00, 2.00, 58.501, 4.0000, 54.5012, 0.0000 
50.00, 48.00, 2.00, 58.523, 4.0000, 54.5234, 0.0000 
50.00, 48.00, 2.00, 58.546, 4.0000, 54.5456, 0.0000 
50.00, 48.00, 2.00, 58.568, 4.0000, 54.5678, 0.0000 
50.00, 48.00, 2.00, 58.590, 4.0000, 54.5900, 0.0000 
50.00, 48.00, 2.00, 58.612, 4.0000, 54.6122, 0.0000 
50.00, 48.50, 1.50, 50.121, 3.0000, 54.6289, -7.5075 
50.00, 48.50, 1.50, 57.646, 3.0000, 54.6455, 0.0000 
50.00, 48.50, 1.50, 57.662, 3.0000, 54.6622, 0.0000 
50.00, 48.50, 1.50, 57.679, 3.0000, 54.6788, 0.0000 
50.00, 48.50, 1.50, 57.695, 3.0000, 54.6955, 0.0000 
50.00, 48.50, 1.50, 57.712, 3.0000, 54.7121, 0.0000 
50.00, 48.50, 1.50, 57.729, 3.0000, 54.7288, 0.0000 
50.00, 48.50, 1.50, 57.745, 3.0000, 54.7454, 0.0000 
50.00, 48.50, 1.50, 57.762, 3.0000, 54.7621, 0.0000 
50.00, 48.50, 1.50, 57.779, 3.0000, 54.7787, 0.0000 
50.00, 48.50, 1.50, 57.795, 3.0000, 54.7954, 0.0000 
50.00, 48.50, 1.50, 57.812, 3.0000, 54.8120, 0.0000 
50.00, 48.50, 1.50, 57.829, 3.0000, 54.8287, 0.0000 
50.00, 48.50, 1.50, 57.845, 3.0000, 54.8453, 0.0000 
50.00, 48.50, 1.50, 57.862, 3.0000, 54.8620, 0.0000 
50.00, 48.50, 1.50, 57.879, 3.0000, 54.8786, 0.0000 
50.00, 48.50, 1.50, 57.895, 3.0000, 54.8953, 0.0000 
50.00, 48.50, 1.50, 57.912, 3.0000, 54.9119, 0.0000 
50.00, 48.00, 2.00, 66.442, 4.0000, 54.9342, 7.5075 
50.00, 48.50, 1.50, 50.443, 3.0000, 54.9508, -7.5075 
50.00, 48.50, 1.50, 57.967, 3.0000, 54.9674, 0.0000 
50.00, 48.50, 1.50, 57.984, 3.0000, 54.9841, 0.0000 
50.00, 48.50, 1.50, 58.001, 3.0000, 55.0008, 0.0000 
50.00, 48.50, 1.50, 58.017, 3.0000, 55.0174, 0.0000 
50.00, 48.50, 1.50, 58.034, 3.0000, 55.0341, 0.0000 
50.00, 48.50, 1.50, 58.051, 3.0000, 55.0507, 0.0000 
50.00, 48.50, 1.50, 58.067, 3.0000, 55.0674, 0.0000 
50.00, 48.50, 1.50, 58.084, 3.0000, 55.0840, 0.0000 
50.00, 48.50, 1.50, 58.101, 3.0000, 55.1007, 0.0000 
50.00, 48.50, 1.50, 58.117, 3.0000, 55.1173, 0.0000 
50.00, 48.50, 1.50, 58.134, 3.0000, 55.1340, 0.0000 
50.00, 48.50, 1.50, 58.151, 3.0000, 55.1506, 0.0000 
50.00, 48.50, 1.50, 58.167, 3.0000, 55.1673, 0.0000 
50.00, 48.50, 1.50, 58.184, 3.0000, 55.1839, 0.0000 
50.00, 48.50, 1.50, 58.201, 3.0000, 55.2006, 0.0000 
50.00, 48.50, 1.50, 58.217, 3.0000, 55.2172, 0.0000 
50.00, 48.50, 1.50, 58.234, 3.0000, 55.2339, 0.0000 
50.00, 48.50, 1.50, 58.251, 3.0000, 55.2505, 0.0000 
50.00, 48.50, 1.50, 58.267, 3.0000, 55.2672, 0.0000 
50.00, 48.50, 1.50, 58.284, 3.0000, 55.2838, 0.0000 
50.00, 48.50, 1.50, 58.300, 3.0000, 55.3005, 0.0000 
50.00, 48.50, 1.50, 58.317, 3.0000, 55.3171, 0.0000 
50.00, 48.50, 1.50, 58.334, 3.0000, 55.3338, 0.0000 
50.00, 48.50, 1.50, 58.350, 3.0000, 55.3504, 0.0000 
50.00, 48.50, 1.50, 58.367, 3.0000, 55.3671, 0.0000 
50.00, 48.50, 1.50, 58.384, 3.0000, 55.3837, 0.0000 
50.00, 48.50, 1.50, 58.400, 3.0000, 55.4004, 0.0000 
50.00, 48.50, 1.50, 58.417, 3.0000, 55.4170, 0.0000 
50.00, 48.50, 1.50, 58.434, 3.0000, 55.4337, 0.0000 
50.00, 48.50, 1.50, 58.450, 3.0000, 55.4503, 0.0000 
50.00, 48.50, 1.50, 58.467, 3.0000, 55.4670, 0.0000 
50.00, 48.50, 1.50, 58.484, 3.0000, 55.4836, 0.0000 
50.00, 48.50, 1.50, 58.500, 3.0000, 55.5003, 0.0000 
50.00, 48.50, 1.50, 58.517, 3.0000, 55.5169, 0.0000 
50.00, 48.50, 1.50, 58.534, 3.0000, 55.5336, 0.0000 
50.00, 48.50, 1.50, 58.550, 3.0000, 55.5502, 0.0000 
50.00, 48.50, 1.50, 58.567, 3.0000, 55.5669, 0.0000 
50.00, 48.50, 1.50, 58.584, 3.0000, 55.5835, 0.0000 
50.00, 48.50, 1.50, 58.600, 3.0000, 55.6002, 0.0000 
50.00, 48.50, 1.50, 58.617, 3.0000, 55.6168, 0.0000 
50.00, 48.50, 1.50, 58.633, 3.0000, 55.6335, 0.0000 
50.00, 48.50, 1.50, 58.650, 3.0000, 55.6501, 0.0000 
50.00, 48.50, 1.50, 58.667, 3.0000, 55.6668, 0.0000 
50.00, 49.00, 1.00, 50.170, 2.0000, 55.6779, -7.5075 
50.00, 48.50, 1.50, 66.202, 3.0000, 55.6945, 7.5075 
50.00, 48.50, 1.50, 58.711, 3.0000, 55.7112, 0.0000 
50.00, 48.50, 1.50, 58.728, 3.0000, 55.7278, 0.0000 
50.00, 49.00, 1.00, 50.231, 2.0000, 55.7389, -7.5075 
50.00, 49.00, 1.00, 57.750, 2.0000, 55.7500, 0.0000 
50.00, 49.00, 1.00, 57.761, 2.0000, 55.7611, 0.0000 
50.00, 49.00, 1.00, 57.772, 2.0000, 55.7722, 0.0000 
50.00, 49.00, 1.00, 57.783, 2.0000, 55.7833, 0.0000 
50.00, 49.00, 1.00, 57.794, 2.0000, 55.7944, 0.0000 
50.00, 49.00, 1.00, 57.806, 2.0000, 55.8055, 0.0000 
50.00, 49.00, 1.00, 57.817, 2.0000, 55.8166, 0.0000 
50.00, 49.00, 1.00, 57.828, 2.0000, 55.8277, 0.0000 
50.00, 49.00, 1.00, 57.839, 2.0000, 55.8388, 0.0000 
50.00, 49.00, 1.00, 57.850, 2.0000, 55.8499, 0.0000 
50.00, 49.00, 1.00, 57.861, 2.0000, 55.8610, 0.0000 
50.00, 49.00, 1.00, 57.872, 2.0000, 55.8721, 0.0000 
50.00, 49.00, 1.00, 57.883, 2.0000, 55.8832, 0.0000 
50.00, 49.00, 1.00, 57.894, 2.0000, 55.8943, 0.0000 
50.00, 49.00, 1.00, 57.905, 2.0000, 55.9054, 0.0000 
50.00, 49.00, 1.00, 57.917, 2.0000, 55.9165, 0.0000 
50.00, 49.00, 1.00, 57.928, 2.0000, 55.9276, 0.0000 
50.00, 49.00, 1.00, 57.939, 2.0000, 55.9387, 0.0000 
50.00, 49.00, 1.00, 57.950, 2.0000, 55.9498, 0.0000 
50.00, 49.00, 1.00, 57.961, 2.0000, 55.9609, 0.0000 
50.00, 49.00, 1.00, 57.972, 2.0000, 55.9720, 0.0000 
50.00, 49.00, 1.00, 57.983, 2.0000, 55.9831, 0.0000 
50.00, 49.00, 1.00, 57.994, 2.0000, 55.9942, 0.0000 
50.00, 49.00, 1.00, 58.005, 2.0000, 56.0053, 0.0000 
50.00, 49.00, 1.00, 58.016, 2.0000, 56.0164, 0.0000 
50.00, 49.00, 1.00, 58.028, 2.0000, 56.0275, 0.0000 
50.00, 49.00, 1.00, 58.039, 2.0000, 56.0386, 0.0000 
50.00, 49.00, 1.00, 58.050, 2.0000, 56.0497, 0.0000 
50.00, 49.00, 1.00, 58.061, 2.0000, 56.0608, 0.0000 
50.00, 49.00, 1.00, 58.072, 2.0000, 56.0719, 0.0000 
50.00, 49.00, 1.00, 58.083, 2.0000, 56.0830, 0.0000 
50.00, 49.00, 1.00, 58.094, 2.0000, 56.0941, 0.0000 
50.00, 49.00, 1.00, 58.105, 2.0000, 56.1052, 0.0000 
50.00, 49.00, 1.00, 58.116, 2.0000, 56.1163, 0.0000 
50.00, 49.00, 1.00, 58.127, 2.0000, 56.1274, 0.0000 
50.00, 49.00, 1.00, 58.139, 2.0000, 56.1385, 0.0000 
50.00, 49.00, 1.00, 58.150, 2.0000, 56.1496, 0.0000 
50.00, 49.00, 1.00, 58.161, 2.0000, 56.1607, 0.0000 
50.00, 49.00, 1.00, 58.172, 2.0000, 56.1718, 0.0000 
50.00, 49.00, 1.00, 58.183, 2.0000, 56.1829, 0.0000 
50.00, 49.00, 1.00, 58.194, 2.0000, 56.1940, 0.0000 
50.00, 49.00, 1.00, 58.205, 2.0000, 56.2051, 0.0000 
50.00, 49.00, 1.00, 58.216, 2.0000, 56.2162, 0.0000 
50.00, 49.00, 1.00, 58.227, 2.0000, 56.2273, 0.0000 
50.00, 49.00, 1.00, 58.238, 2.0000, 56.2384, 0.0000 
50.00, 49.00, 1.00, 58.250, 2.0000, 56.2495, 0.0000 
50.00, 49.00, 1.00, 58.261, 2.0000, 56.2606, 0.0000 
50.00, 49.00, 1.00, 58.272, 2.0000, 56.2717, 0.0000 
50.00, 49.00, 1.00, 58.283, 2.0000, 56.2828, 0.0000 
50.00, 49.00, 1.00, 58.294, 2.0000, 56.2939, 0.0000 
50.00, 49.00, 1.00, 58.305, 2.0000, 56.3050, 0.0000 
50.00, 49.00, 1.00, 58.316, 2.0000, 56.3161, 0.0000 
50.00, 49.00, 1.00, 58.327, 2.0000, 56.3272, 0.0000 
50.00, 49.00, 1.00, 58.338, 2.0000, 56.3383, 0.0000 
50.00, 49.00, 1.00, 58.349, 2.0000, 56.3494, 0.0000 
50.00, 49.50, 0.50, 49.847, 1.0000, 56.3550, -7.5075 
50.00, 49.50, 0.50, 57.361, 1.0000, 56.3605, 0.0000 
50.00, 49.50, 0.50, 57.366, 1.0000, 56.3661, 0.0000 
50.00, 49.50, 0.50, 57.372, 1.0000, 56.3716, 0.0000 
50.00, 49.50, 0.50, 57.377, 1.0000, 56.3772, 0.0000 
50.00, 49.50, 0.50, 57.383, 1.0000, 56.3827, 0.0000 
50.00, 49.50, 0.50, 57.388, 1.0000, 56.3883, 0.0000 
50.00, 49.50, 0.50, 57.394, 1.0000, 56.3938, 0.0000 
50.00, 49.50, 0.50, 57.399, 1.0000, 56.3994, 0.0000 
50.00, 49.50, 0.50, 57.405, 1.0000, 56.4049, 0.0000 
50.00, 49.50, 0.50, 57.410, 1.0000, 56.4105, 0.0000 
50.00, 49.50, 0.50, 57.416, 1.0000, 56.4160, 0.0000 
50.00, 49.50, 0.50, 57.422, 1.0000, 56.4216, 0.0000 
50.00, 49.50, 0.50, 57.427, 1.0000, 56.4271, 0.0000 
50.00, 49.50, 0.50, 57.433, 1.0000, 56.4327, 0.0000 
50.00, 49.50, 0.50, 57.438, 1.0000, 56.4382, 0.0000 
50.00, 49.50, 0.50, 57.444, 1.0000, 56.4438, 0.0000 
50.00, 49.50, 0.50, 57.449, 1.0000, 56.4493, 0.0000 
50.00, 49.50, 0.50, 57.455, 1.0000, 56.4549, 0.0000 
50.00, 49.50, 0.50, 57.460, 1.0000, 56.4604, 0.0000 
50.00, 49.50, 0.50, 57.466, 1.0000, 56.4660, 0.0000 
50.00, 49.50, 0.50, 57.472, 1.0000, 56.4715, 0.0000 
50.00, 49.50, 0.50, 57.477, 1.0000, 56.4771, 0.0000 
50.00, 49.50, 0.50, 57.483, 1.0000, 56.4826, 0.0000 
50.00, 49.50, 0.50, 57.488, 1.0000, 56.4882, 0.0000 
50.00, 49.50, 0.50, 57.494, 1.0000, 56.4937, 0.0000 
50.00, 49.50, 0.50, 57.499, 1.0000, 56.4993, 0.0000 
50.00, 49.50, 0.50, 57.505, 1.0000, 56.5048, 0.0000 
50.00, 49.50, 0.50, 57.510, 1.0000, 56.5104, 0.0000 
50.00, 49.50, 0.50, 57.516, 1.0000, 56.5159, 0.0000 
50.00, 49.50, 0.50, 57.521, 1.0000, 56.5215, 0.0000 
50.00, 49.50, 0.50, 57.527, 1.0000, 56.5270, 0.0000 
50.00, 49.50, 0.50, 57.533, 1.0000, 56.5326, 0.0000 
50.00, 49.50, 0.50, 57.538, 1.0000, 56.5381, 0.0000 
50.00, 49.50, 0.50, 57.544, 1.0000, 56.5437, 0.0000 
50.00, 49.50, 0.50, 57.549, 1.0000, 56.5492, 0.0000 
50.00, 49.50, 0.50, 57.555, 1.0000, 56.5548, 0.0000 
50.00, 49.50, 0.50, 57.560, 1.0000, 56.5603, 0.0000 
50.00, 49.50, 0.50, 57.566, 1.0000, 56.5659, 0.0000 
50.00, 49.50, 0.50, 57.571, 1.0000, 56.5714, 0.0000 
50.00, 49.50, 0.50, 57.577, 1.0000, 56.5770, 0.0000 
50.00, 49.50, 0.50, 57.583, 1.0000, 56.5825, 0.0000 
50.00, 49.50, 0.50, 57.588, 1.0000, 56.5881, 0.0000 
50.00, 49.50, 0.50, 57.594, 1.0000, 56.5936, 0.0000 
50.00, 49.50, 0.50, 57.599, 1.0000, 56.5992, 0.0000 
50.00, 49.50, 0.50, 57.605, 1.0000, 56.6047, 0.0000 
50.00, 49.50, 0.50, 57.610, 1.0000, 56.6103, 0.0000 
50.00, 49.50, 0.50, 57.616, 1.0000, 56.6158, 0.0000 
50.00, 49.50, 0.50, 57.621, 1.0000, 56.6214, 0.0000 
50.00, 49.50, 0.50, 57.627, 1.0000, 56.6269, 0.0000 
50.00, 49.50, 0.50, 57.632, 1.0000, 56.6325, 0.0000 
50.00, 49.50, 0.50, 57.638, 1.0000, 56.6380, 0.0000 
50.00, 49.50, 0.50, 57.644, 1.0000, 56.6436, 0.0000 
50.00, 49.50, 0.50, 57.649, 1.0000, 56.6491, 0.0000 
50.00, 49.50, 0.50, 57.655, 1.0000, 56.6547, 0.0000 
50.00, 49.50, 0.50, 57.660, 1.0000, 56.6602, 0.0000 
50.00, 49.50, 0.50, 57.666, 1.0000, 56.6658, 0.0000 
50.00, 49.50, 0.50, 57.671, 1.0000, 56.6713, 0.0000 
50.00, 49.50, 0.50, 57.677, 1.0000, 56.6769, 0.0000 
50.00, 49.50, 0.50, 57.682, 1.0000, 56.6824, 0.0000 
50.00, 49.50, 0.50, 57.688, 1.0000, 56.6880, 0.0000 
50.00, 49.50, 0.50, 57.694, 1.0000, 56.6935, 0.0000 
50.00, 49.50, 0.50, 57.699, 1.0000, 56.6991, 0.0000 
50.00, 49.50, 0.50, 57.705, 1.0000, 56.7046, 0.0000 
50.00, 49.50, 0.50, 57.710, 1.0000, 56.7102, 0.0000 
50.00, 49.50, 0.50, 57.716, 1.0000, 56.7157, 0.0000 
50.00, 49.50, 0.50, 57.721, 1.0000, 56.7213, 0.0000 
50.00, 49.50, 0.50, 57.727, 1.0000, 56.7268, 0.0000 
50.00, 49.50, 0.50, 57.732, 1.0000, 56.7324, 0.0000 
50.00, 49.50, 0.50, 57.738, 1.0000, 56.7379, 0.0000 
50.00, 49.50, 0.50, 57.743, 1.0000, 56.7435, 0.0000 
50.00, 49.50, 0.50, 57.749, 1.0000, 56.7490, 0.0000 
50.00, 49.50, 0.50, 57.755, 1.0000, 56.7546, 0.0000 
50.00, 49.50, 0.50, 57.760, 1.0000, 56.7601, 0.0000 
50.00, 49.50, 0.50, 57.766, 1.0000, 56.7657, 0.0000 
50.00, 49.50, 0.50, 57.771, 1.0000, 56.7712, 0.0000 
50.00, 49.50, 0.50, 57.777, 1.0000, 56.7768, 0.0000 
50.00, 49.50, 0.50, 57.782, 1.0000, 56.7823, 0.0000 
50.00, 49.50, 0.50, 57.788, 1.0000, 56.7879, 0.0000 
50.00, 49.50, 0.50, 57.793, 1.0000, 56.7934, 0.0000 
50.00, 49.50, 0.50, 57.799, 1.0000, 56.7990, 0.0000 
50.00, 49.50, 0.50, 57.805, 1.0000, 56.8045, 0.0000 
50.00, 49.50, 0.50, 57.810, 1.0000, 56.8101, 0.0000 
50.00, 49.50, 0.50, 57.816, 1.0000, 56.8156, 0.0000 
50.00, 49.50, 0.50, 57.821, 1.0000, 56.8212, 0.0000 
50.00, 49.50, 0.50, 57.827, 1.0000, 56.8267, 0.0000 
50.00, 49.50, 0.50, 57.832, 1.0000, 56.8323, 0.0000 
50.00, 49.50, 0.50, 57.838, 1.0000, 56.8378, 0.0000 
50.00, 49.50, 0.50, 57.843, 1.0000, 56.8434, 0.0000 
50.00, 49.50, 0.50, 57.849, 1.0000, 56.8489, 0.0000 
50.00, 49.50, 0.50, 57.854, 1.0000, 56.8545, 0.0000 
50.00, 49.50, 0.50, 57.860, 1.0000, 56.8600, 0.0000 
50.00, 49.50, 0.50, 57.866, 1.0000, 56.8656, 0.0000 
50.00, 49.50, 0.50, 57.871, 1.0000, 56.8711, 0.0000 
50.00, 49.50, 0.50, 57.877, 1.0000, 56.8767, 0.0000 
50.00, 49.50, 0.50, 57.882, 1.0000, 56.8822, 0.0000 
50.00, 49.50, 0.50, 57.888, 1.0000, 56.8878, 0.0000 
50.00, 49.50, 0.50, 57.893, 1.0000, 56.8933, 0.0000 
50.00, 49.50, 0.50, 57.899, 1.0000, 56.8989, 0.0000 
50.00, 49.50, 0.50, 57.904, 1.0000, 56.9044, 0.0000 
50.00, 49.50, 0.50, 57.910, 1.0000, 56.9100, 0.0000 
50.00, 49.50, 0.50, 57.916, 1.0000, 56.9155, 0.0000 
50.00, 49.50, 0.50, 57.921, 1.0000, 56.9211, 0.0000 
50.00, 49.50, 0.50, 57.927, 1.0000, 56.9266, 0.0000 
50.00, 49.50, 0.50, 57.932, 1.0000, 56.9322, 0.0000 
50.00, 49.50, 0.50, 57.938, 1.0000, 56.9377, 0.0000 
50.00, 49.50, 0.50, 57.943, 1.0000, 56.9433, 0.0000 
50.00, 49.50, 0.50, 57.949, 1.0000, 56.9488, 0.0000 
50.00, 49.50, 0.50, 57.954, 1.0000, 56.9544, 0.0000 
50.00, 49.50, 0.50, 57.960, 1.0000, 56.9599, 0.0000 
50.00, 49.50, 0.50, 57.965, 1.0000, 56.9655, 0.0000 
50.00, 49.50, 0.50, 57.971, 1.0000, 56.9710, 0.0000 
50.00, 49.50, 0.50, 57.977, 1.0000, 56.9766, 0.0000 
50.00, 49.50, 0.50, 57.982, 1.0000, 56.9821, 0.0000 
50.00, 50.00, 0.00, 49.475, 0.0000, 56.9821, -7.5075 
50.00, 49.50, 0.50, 65.495, 1.0000, 56.9877, 7.5075 
50.00, 49.50, 0.50, 57.993, 1.0000, 56.9932, 0.0000 
50.00, 49.50, 0.50, 57.999, 1.0000, 56.9988, 0.0000 
50.00, 49.50, 0.50, 58.004, 1.0000, 57.0043, 0.0000 
50.00, 50.00, 0.00, 49.497, 0.0000, 57.0043, -7.5075 
50.00, 50.00, 0.00, 57.004, 0.0000, 57.0043, 0.0000 
50.00, 50.00, 0.00, 57.004, 0.0000, 57.0043, 0.0000 
50.00, 50.00, 0.00, 57.004, 0.0000, 57.0043, 0.0000 
50.00, 50.00, 0.00, 57.004, 0.0000, 57.0043, 0.0000 
50.00, 50.00, 0.00, 57.004, 0.0000, 57.0043, 0.0000 
50.00, 50.00, 0.00, 57.004, 0.0000, 57.0043, 0.0000 
50.00, 50.00, 0.00, 57.004, 0.0000, 57.0043, 0.0000 
50.00, 50.00, 0.00, 57.004, 0.0000, 57.0043, 0.0000 
50.00, 50.00, 0.00, 57.004, 0.0000, 57.0043, 0.0000 
50.00, 50.00, 0.00, 57.004, 0.0000, 57.0043, 0.0000 
50.00, 50.00, 0.00, 57.004, 0.0000, 57.0043, 0.0000 
50.00, 50.00, 0.00, 57.004, 0.0000, 57.0043, 0.0000 
50.00, 50.00, 0.00, 57.004, 0.0000, 57.0043, 0.0000 
50.00, 50.00, 0.00, 57.004, 0.0000, 57.0043, 0.0000 
50.00, 50.00, 0.00, 57.004, 0.0000, 57.0043, 0.0000 
50.00, 50.00, 0.00, 57.004, 0.0000, 57.0043, 0.0000 
50.00, 50.00, 0.00, 57.004, 0.0000, 57.0043, 0.0000 
50.00, 50.00, 0.00, 57.004, 0.0000, 57.0043, 0.0000 
50.00, 50.00, 0.00, 57.004, 0.0000, 57.0043, 0.0000 
50.00, 50.00, 0.00, 57.004, 0.0000, 57.0043, 0.0000 
50.00, 50.00, 0.00, 57.004, 0.0000, 57.0043, 0.0000 
50.00, 50.00, 0.00, 57.004, 0.0000, 57.0043, 0.0000 
50.00, 50.00, 0.00, 57.004, 0.0000, 57.0043, 0.0000 
50.00, 50.00, 0.00, 57.004, 0.0000, 57.0043, 0.0000 
50.00, 50.00, 0.00, 57.004, 0.0000, 57.0043, 0.0000 
50.00, 50.00, 0.00, 57.004, 0.0000, 57.0043, 0.0000 
50.00, 50.00, 0.00, 57.004, 0.0000, 57.0043, 0.0000 
50.00, 50.00, 0.00, 57.004, 0.0000, 57.0043, 0.0000 
50.00, 50.00, 0.00, 57.004, 0.0000, 57.0043, 0.0000 
50.00, 50.00, 0.00, 57.004, 0.0000, 57.0043, 0.0000 
50.00, 50.00, 0.00, 57.004, 0.0000, 57.0043, 0.0000 
50.00, 50.00, 0.00, 57.004, 0.0000, 57.0043, 0.0000 
50.00, 50.00, 0.00, 57.004, 0.0000, 57.0043, 0.0000 
50.00, 50.00, 0.00, 57.004, 0.0000, 57.0043, 0.0000 
50.00, 50.00, 0.00, 57.004, 0.0000, 57.0043, 0.0000 
50.00, 50.00, 0.00, 57.004, 0.0000, 57.0043, 0.0000 
50.00, 50.00, 0.00, 57.004, 0.0000, 57.0043, 0.0000 
50.00, 50.00, 0.00, 57.004, 0.0000, 57.0043, 0.0000 
50.00, 50.00, 0.00, 57.004, 0.0000, 57.0043, 0.0000 
50.00, 50.00, 0.00, 57.004, 0.0000, 57.0043, 0.0000 
50.00, 50.00, 0.00, 57.004, 0.0000, 57.0043, 0.0000 
50.00, 50.00, 0.00, 57.004, 0.0000, 57.0043, 0.0000 
50.00, 50.00, 0.00, 57.004, 0.0000, 57.0043, 0.0000 
50.00, 50.00, 0.00, 57.004, 0.0000, 57.0043, 0.0000 
50.00, 50.00, 0.00, 57.004, 0.0000, 57.0043, 0.0000 
50.00, 50.00, 0.00, 57.004, 0.0000, 57.0043, 0.0000 
50.00, 50.00, 0.00, 57.004, 0.0000, 57.0043, 0.0000 
50.00, 50.00, 0.00, 57.004, 0.0000, 57.0043, 0.0000 
